205 17.8486486486 10.1702256618
215 21.9060773481 10.634170112
225 24.4660194175 9.68863103822
235 28.6652173913 10.491673084
245 32.0448275862 10.5125427214
255 34.7472118959 11.4976977593
265 36.9766666667 10.5651089589
275 41.0630914826 10.8573515563
285 45.9259259259 11.5726567645
295 47.5974440895 12.5283368495
305 52.1702702703 10.9730234589
315 54.9512893983 11.3221088669
325 58.516025641 11.1934064009
335 61.953271028 11.5990704188
345 66.0380952381 10.4292494825
355 69.2694610778 12.1172634527
365 72.2242990654 10.6986930375
375 76.1014925373 10.4007354147
385 79.2994350282 11.2010040888
395 82.2336182336 11.4643351692
405 85.4660493827 12.4553228259
415 88.5873015873 11.0436812505
425 92.096969697 11.2429507762
435 94.7650273224 11.617392765
445 97.8990825688 11.8988154441
455 101.439628483 11.3555706027
465 104.717791411 11.3712237092
475 109.221238938 11.3184677962
485 111.025 13.5345604295
495 112.892857143 11.8112917903
