482	103
210	7
305	49
358	66
440	104
460	93
319	56
288	19
447	79
461	110
336	73
475	111
413	85
382	81
333	57
401	87
499	108
315	57
460	110
484	105
310	53
379	75
346	59
394	72
398	73
372	63
308	12
446	93
221	27
317	58
437	77
359	59
449	88
289	43
424	77
290	32
293	37
318	55
478	113
343	74
477	119
237	24
307	59
288	33
207	16
314	66
478	108
486	107
239	19
200	25
380	73
310	39
419	79
283	49
393	77
375	82
344	78
435	88
448	104
396	87
431	118
420	61
378	79
388	62
293	41
300	41
316	48
344	39
464	93
493	102
336	65
490	82
489	90
315	59
489	105
286	46
403	89
288	39
294	32
402	68
454	87
409	88
424	80
414	86
480	100
461	115
311	57
320	58
331	74
380	76
241	23
458	103
438	105
372	93
458	87
398	88
445	73
494	97
395	76
245	31
443	92
338	57
422	93
446	77
418	90
342	43
251	31
382	68
490	111
258	52
466	96
250	26
335	56
439	97
228	47
499	112
405	65
404	99
485	111
208	12
261	31
385	63
305	50
234	22
477	104
429	105
245	33
314	48
489	99
437	101
428	98
332	68
291	41
402	90
393	74
381	76
448	91
430	78
462	116
372	79
406	86
462	108
488	108
242	41
451	108
435	100
337	41
261	29
470	132
230	28
374	89
435	104
353	58
487	126
262	35
428	100
255	48
446	73
326	61
362	73
470	117
383	94
481	116
264	23
377	106
499	109
366	85
393	70
419	92
378	74
360	70
298	41
294	59
386	84
281	41
407	86
243	24
364	62
481	96
430	89
289	42
240	12
286	54
437	100
444	89
340	67
457	102
355	72
476	101
309	51
339	87
494	105
242	39
362	54
393	93
468	100
254	31
395	75
422	88
324	52
245	21
365	61
375	80
499	116
252	39
217	31
248	25
354	50
324	51
479	102
429	92
436	100
239	18
257	44
409	78
442	99
394	66
326	67
358	64
372	76
288	45
424	94
303	29
490	124
365	76
322	44
281	39
495	112
369	69
465	114
382	60
408	78
212	19
419	103
489	111
365	72
499	107
274	32
338	61
254	44
239	36
352	67
304	19
273	31
386	95
370	60
487	111
413	76
345	44
347	66
259	27
291	38
322	66
378	78
324	42
283	55
298	58
394	69
301	56
365	65
470	92
429	79
426	90
422	90
352	55
464	120
225	24
442	92
347	70
266	38
327	56
244	26
217	19
332	72
377	79
461	92
359	61
350	84
460	84
327	53
276	40
310	45
424	92
313	45
302	59
459	96
380	68
293	41
471	101
313	52
383	66
341	69
433	80
319	58
329	76
454	103
358	67
375	82
478	97
466	88
256	36
308	58
476	108
314	46
278	32
361	49
399	76
342	45
398	63
445	98
500	101
488	103
459	107
236	23
290	48
292	49
319	59
299	41
350	60
407	65
477	110
446	87
430	94
321	55
285	46
453	92
263	37
282	54
318	50
478	102
295	40
327	54
246	27
219	28
343	64
414	89
206	10
475	103
337	59
339	48
310	47
407	77
278	31
304	57
323	58
321	63
252	9
381	59
221	24
494	119
486	119
427	100
220	12
425	83
483	108
264	29
443	92
436	70
360	79
283	56
404	72
403	78
428	89
332	59
418	97
447	82
222	10
450	86
377	79
438	92
420	77
308	52
344	50
200	5
247	37
338	50
287	50
325	60
350	72
279	51
484	113
323	52
383	73
236	18
399	96
348	74
238	27
373	71
443	114
367	66
236	29
209	22
324	58
216	23
395	69
482	91
279	44
374	76
345	76
405	76
317	52
495	105
423	84
357	59
464	110
300	27
318	51
308	42
473	99
321	59
299	49
294	57
410	100
403	91
459	100
426	89
312	51
421	78
466	83
241	23
499	124
318	48
471	107
281	32
314	46
444	100
462	87
497	126
286	57
308	62
255	19
405	80
447	71
408	99
442	99
358	55
426	91
482	120
331	34
279	20
322	63
267	40
256	52
454	105
313	43
257	35
232	3
463	101
361	73
276	57
302	54
255	28
489	115
353	68
231	23
308	52
317	49
240	7
404	83
426	100
480	114
479	126
455	94
423	89
318	32
280	34
420	97
273	48
283	43
337	69
289	37
308	35
337	68
343	48
254	21
304	59
281	28
488	105
229	25
469	110
403	103
414	87
360	62
374	65
424	75
393	83
424	73
457	88
231	18
312	51
371	72
391	81
241	30
438	108
301	36
342	62
380	87
375	70
310	58
447	92
457	98
468	95
486	120
382	64
413	80
439	78
356	71
238	22
394	59
500	124
433	89
379	81
326	44
458	109
340	59
341	62
260	36
381	94
372	73
239	18
252	34
414	101
284	36
222	12
428	75
296	48
496	116
262	18
441	109
279	33
329	66
464	98
298	31
435	90
411	102
381	75
362	56
312	40
427	82
352	73
408	79
391	91
396	78
389	80
443	105
375	77
419	101
491	114
440	89
385	99
421	86
364	77
477	102
238	38
262	37
291	33
453	109
491	118
240	36
319	35
322	49
459	121
281	40
229	5
255	36
272	38
228	6
352	49
285	45
463	103
243	6
265	13
409	79
430	111
433	80
216	27
430	77
294	26
394	84
386	88
348	73
378	78
391	100
322	58
444	110
274	31
381	84
447	87
443	75
496	90
300	54
431	111
321	48
299	61
265	30
208	6
259	22
460	126
320	39
394	98
293	32
339	52
497	127
265	38
331	52
341	49
491	95
487	93
394	71
373	67
310	67
292	66
353	59
360	71
343	55
208	5
208	11
324	45
374	81
395	75
317	73
252	22
485	131
488	119
438	90
385	82
446	118
346	64
259	29
306	26
420	66
442	116
360	77
376	73
437	86
474	78
372	64
290	79
352	48
391	80
478	107
455	105
465	104
397	103
346	49
409	73
292	61
452	98
474	101
448	97
490	119
295	47
405	94
466	86
361	68
352	64
345	47
383	57
313	69
241	6
231	26
329	72
275	25
349	56
476	97
480	95
356	78
388	80
321	56
384	76
389	74
482	128
414	82
369	71
221	19
413	94
394	75
427	83
472	94
322	52
293	36
348	90
201	18
457	91
380	72
396	64
449	116
474	111
303	66
296	47
260	28
309	39
432	106
206	5
265	50
478	98
353	65
366	71
303	21
336	60
204	31
431	103
373	70
223	16
303	49
291	29
278	47
264	46
487	99
390	61
293	47
429	96
299	42
435	84
460	90
369	37
400	85
479	93
482	93
252	18
382	62
389	68
400	76
474	107
472	103
281	32
259	28
366	48
263	35
478	81
400	93
257	26
343	66
372	61
496	110
307	49
426	78
319	38
226	15
342	80
274	37
287	49
414	74
231	39
477	111
477	105
239	34
318	73
272	40
346	57
211	10
489	117
419	114
340	70
355	61
444	73
431	91
454	110
377	60
376	62
381	68
442	106
342	40
312	72
269	33
300	68
360	66
229	23
294	37
278	34
300	36
323	48
381	76
272	28
326	54
262	39
296	53
418	93
452	88
382	78
456	92
480	112
338	50
332	58
236	27
268	62
361	77
433	65
331	79
259	28
347	59
376	87
282	42
376	71
349	77
362	58
320	63
259	28
438	96
440	97
327	64
337	47
493	123
343	69
425	78
274	33
253	31
310	45
250	31
475	95
263	22
322	49
326	64
322	44
479	112
373	78
381	74
477	115
360	57
235	28
254	40
477	102
330	58
408	73
403	90
458	104
255	37
208	31
266	38
260	30
458	102
497	122
229	26
308	47
270	58
379	72
233	15
291	39
478	107
374	58
368	71
260	34
478	115
397	68
392	69
300	58
471	97
385	75
256	32
406	96
319	45
443	84
353	69
344	47
272	18
308	40
411	74
454	99
448	87
410	83
325	56
298	43
493	100
392	62
292	45
295	54
379	74
331	49
299	56
483	92
492	113
432	70
449	117
326	57
467	127
443	111
336	50
397	62
232	29
465	97
221	39
266	19
375	48
496	118
463	96
367	77
429	85
206	16
353	59
415	83
271	42
423	90
374	74
231	23
496	128
391	77
388	88
424	87
436	105
407	81
368	79
397	88
312	57
346	60
487	123
405	81
395	78
288	37
341	41
419	97
315	37
267	34
400	89
342	71
405	91
432	104
275	47
297	55
360	83
460	84
390	84
431	94
362	73
367	69
469	93
336	71
490	109
423	79
371	87
369	46
366	68
281	38
304	19
384	87
237	30
226	45
442	92
408	82
328	66
264	42
260	14
303	69
334	27
249	35
450	98
275	52
222	5
491	110
352	54
297	55
462	97
447	88
432	89
392	80
494	88
251	16
307	36
318	55
362	59
461	99
378	71
355	72
310	55
419	92
331	70
383	72
210	10
494	115
471	98
359	87
397	70
343	60
334	57
400	97
466	95
295	65
319	48
337	64
328	52
433	108
441	98
290	23
409	82
438	108
427	83
219	15
280	47
448	108
371	44
284	42
324	54
470	101
361	102
450	95
422	101
402	93
454	97
347	60
361	52
380	69
249	44
216	19
354	77
353	76
468	102
481	110
254	35
251	28
407	97
254	39
396	76
349	68
391	84
489	95
423	93
308	21
390	47
362	59
354	66
328	65
362	66
257	33
408	83
364	72
428	90
395	81
269	33
367	54
482	126
473	103
317	74
236	38
277	50
390	85
464	110
239	25
372	63
245	14
391	72
360	76
462	109
466	98
345	64
442	96
500	103
451	89
354	55
352	69
320	68
394	51
441	92
345	57
433	72
414	93
443	96
388	78
299	41
443	74
444	104
290	62
296	23
426	79
288	31
235	43
343	48
491	97
442	113
220	12
331	23
346	71
428	87
385	78
494	115
309	80
496	130
470	116
407	91
466	82
289	34
400	86
488	120
291	32
344	45
298	52
438	114
447	84
491	95
284	32
343	63
498	119
481	90
329	72
484	111
369	86
307	61
487	103
446	66
344	77
247	40
452	103
374	79
450	94
465	89
324	52
317	51
384	73
405	61
272	24
236	14
372	83
372	101
422	82
340	61
289	33
428	104
222	9
368	60
213	40
227	30
398	84
494	101
272	15
334	42
360	45
286	49
456	97
289	29
250	5
344	23
470	112
380	78
436	97
224	15
422	112
213	0
300	43
487	99
326	72
281	38
217	12
439	86
354	64
239	29
466	108
463	102
244	7
277	35
210	15
496	137
332	50
326	58
473	106
347	66
496	103
342	73
469	99
397	97
490	112
422	88
362	67
265	63
450	107
444	101
355	51
452	100
333	76
359	82
246	39
375	82
455	102
371	65
372	63
359	70
303	42
378	73
315	71
367	68
307	54
264	5
291	27
442	92
213	26
433	86
229	29
303	64
479	101
249	11
444	134
312	52
239	46
453	102
484	107
300	56
405	75
318	66
389	72
386	74
374	72
436	86
356	61
340	69
481	99
426	80
400	95
429	95
477	120
464	102
413	91
384	78
291	48
341	47
265	13
429	72
381	80
290	49
316	52
360	67
331	56
471	119
453	89
259	39
228	49
245	28
282	7
453	108
496	109
267	51
227	39
377	71
486	100
359	65
227	21
394	73
242	28
332	44
252	23
303	46
300	39
262	11
446	78
361	58
361	55
337	62
494	97
246	26
497	101
490	116
422	91
261	32
462	116
351	70
202	12
451	92
421	76
259	47
267	46
249	8
397	86
226	17
250	22
474	105
217	20
319	57
397	84
366	72
356	52
282	11
275	31
299	62
410	68
390	93
480	114
396	89
344	56
316	68
458	70
364	78
399	67
469	93
415	82
338	58
291	35
438	87
407	82
292	38
476	91
371	60
467	110
371	51
315	56
415	95
403	93
454	92
387	78
253	66
404	99
249	46
315	63
466	100
431	90
463	94
396	96
289	53
364	61
288	38
294	36
376	75
382	68
406	91
304	46
346	55
362	58
425	80
441	109
249	34
475	93
393	81
316	35
389	89
214	26
448	78
331	57
283	18
294	50
473	119
434	77
296	60
425	86
383	81
400	74
329	68
395	86
241	36
350	74
320	57
271	34
465	106
254	30
411	58
452	73
276	49
412	78
428	84
202	5
294	44
246	41
328	64
461	96
446	86
213	23
464	104
266	52
219	25
265	36
293	43
292	43
360	84
236	40
270	44
329	60
435	103
398	84
333	69
265	38
312	50
253	40
351	76
423	84
418	80
316	45
417	89
246	16
333	27
224	18
459	81
349	54
434	108
261	43
360	75
431	90
389	70
417	94
360	62
227	11
464	103
342	52
461	96
393	76
499	111
410	89
218	16
343	51
277	33
246	35
233	9
249	23
358	72
356	71
287	60
344	61
275	3
395	89
390	73
497	122
292	51
271	50
294	48
404	81
301	34
469	93
407	89
233	9
440	88
370	78
299	60
328	48
267	47
356	70
317	60
320	58
402	76
367	77
480	106
364	81
368	84
423	95
391	85
354	73
364	70
404	97
340	63
335	60
378	79
337	50
232	43
266	57
316	78
267	17
354	86
290	38
492	99
261	36
363	56
252	26
474	90
261	22
374	60
468	131
324	51
252	32
437	88
456	74
215	22
395	72
479	108
293	36
388	75
244	13
346	56
260	35
475	112
352	42
280	50
461	93
361	75
306	36
349	75
393	78
340	88
335	68
459	96
478	103
457	108
358	73
422	98
465	97
288	55
438	84
452	82
396	80
444	103
317	60
336	76
201	20
457	107
498	124
461	105
253	23
274	22
257	20
394	86
343	43
391	91
400	67
303	45
351	64
212	13
302	24
206	17
423	95
400	87
222	16
318	45
408	58
453	107
436	100
369	59
482	114
393	69
327	59
314	63
470	114
300	63
472	109
306	58
400	76
437	89
378	55
465	112
441	92
431	84
346	76
236	17
346	49
262	50
413	92
490	93
267	34
346	73
372	59
489	100
362	80
489	119
480	97
484	112
304	66
403	88
376	76
438	114
421	86
387	65
263	31
338	59
278	30
266	39
489	124
442	111
312	42
393	65
231	6
424	91
434	108
482	111
343	84
478	147
311	63
338	69
310	37
464	97
495	113
359	74
381	79
354	52
443	102
388	77
240	32
374	57
400	81
317	43
489	104
232	17
486	114
239	30
311	45
359	59
453	90
477	92
346	61
249	35
261	30
431	100
358	69
465	101
307	60
385	82
401	67
490	128
450	77
326	72
247	34
412	90
493	113
467	81
487	105
498	120
460	101
398	84
204	14
399	73
348	60
484	100
350	69
256	43
211	12
273	34
227	18
320	38
291	45
316	54
249	37
359	85
397	105
354	71
346	64
305	45
469	108
426	94
345	73
456	89
410	81
315	47
471	118
242	35
494	132
483	95
317	58
383	85
289	47
400	86
376	58
444	87
472	101
250	36
481	112
294	49
358	58
448	72
360	63
477	92
383	88
484	128
337	62
385	89
308	46
393	86
393	85
267	22
393	92
280	36
442	87
299	54
364	98
325	50
480	107
409	73
301	37
330	58
423	100
399	95
358	66
350	71
244	34
265	25
339	56
337	43
211	27
279	43
272	25
266	23
404	68
365	65
337	57
467	88
447	89
434	82
482	126
457	105
209	10
364	60
373	80
306	35
313	40
381	76
330	59
399	86
300	38
479	94
482	117
301	51
314	48
210	27
275	48
278	34
242	34
482	105
408	70
368	79
222	17
307	51
368	93
351	52
386	72
381	74
469	112
418	90
279	39
398	80
271	34
437	66
460	63
262	17
306	36
286	48
342	54
340	59
409	88
379	71
227	16
277	37
251	27
395	96
444	79
482	115
464	102
338	49
269	19
449	85
418	50
284	52
310	56
241	38
386	87
409	74
380	71
263	3
309	45
346	75
319	79
405	71
494	126
273	51
318	59
216	14
309	55
321	32
231	34
383	66
363	70
490	121
458	105
313	50
490	100
248	34
443	84
227	23
295	31
486	104
334	69
449	93
300	47
495	121
307	57
421	109
406	78
338	58
253	19
311	36
280	26
421	86
304	49
494	87
318	48
475	113
326	61
282	46
426	85
256	47
389	80
282	43
306	42
435	91
366	54
272	23
438	122
283	53
409	78
422	104
325	65
435	79
216	22
478	98
317	58
439	73
376	77
439	75
445	94
265	48
473	93
426	85
446	95
239	33
431	103
369	64
430	106
301	48
354	81
305	55
295	58
297	50
391	100
204	19
220	8
347	49
263	31
428	91
322	42
497	119
273	41
481	119
400	70
457	109
303	52
274	42
335	65
478	111
422	92
259	39
324	46
276	25
395	79
279	30
412	98
445	100
346	65
465	87
222	34
425	83
385	86
435	83
275	42
494	133
314	60
390	60
260	35
405	74
330	50
382	57
468	111
249	24
371	79
441	89
430	87
246	46
416	101
389	89
342	64
220	26
385	70
450	105
284	40
401	87
319	62
469	107
408	76
394	77
315	47
379	89
288	52
209	10
389	54
479	106
434	78
462	106
441	100
310	53
473	98
258	34
208	15
323	38
373	72
430	103
218	28
421	66
379	75
399	88
452	103
371	82
456	77
301	32
458	113
446	78
361	61
455	106
451	99
345	54
378	82
466	77
339	59
407	84
281	22
311	63
500	130
371	84
360	58
491	128
326	65
389	74
472	95
421	80
251	31
234	31
364	62
497	120
440	98
265	21
470	119
422	76
347	59
376	63
297	36
351	80
271	31
262	39
459	96
398	73
320	64
441	92
468	89
425	87
470	100
313	47
331	54
208	0
415	94
312	59
478	122
258	17
435	98
303	45
350	74
212	2
391	76
279	55
337	34
303	38
270	44
200	28
449	114
217	7
342	53
466	100
346	44
340	40
448	95
304	37
399	64
496	105
413	74
408	68
392	84
292	68
328	57
321	43
476	91
489	101
473	103
465	98
492	101
364	92
488	123
356	63
334	68
399	88
374	75
479	110
251	35
387	65
332	63
463	124
308	53
257	31
357	58
492	111
500	102
481	96
325	63
490	134
206	16
330	51
385	83
240	6
381	83
304	56
309	37
214	12
428	87
341	66
248	36
278	45
272	32
425	73
243	20
464	105
465	103
440	89
285	61
294	52
438	115
374	82
394	90
249	13
339	68
325	59
277	41
442	105
310	40
417	89
461	103
314	58
266	26
397	74
467	78
356	66
446	80
410	102
236	34
243	28
393	96
314	53
298	24
376	72
255	19
253	16
380	74
273	50
251	44
415	98
290	21
357	92
295	66
473	113
203	11
300	44
303	54
397	80
249	26
257	18
233	26
451	101
420	84
347	59
406	66
406	85
290	34
363	79
448	92
337	51
316	42
306	72
451	101
367	85
324	44
473	104
384	63
451	92
470	79
354	52
462	109
294	56
232	33
338	62
399	90
328	60
425	64
459	101
494	109
469	94
305	26
315	59
465	89
322	61
495	105
354	65
290	52
500	104
368	86
424	74
291	32
305	36
466	104
282	52
405	79
456	84
357	59
391	61
305	46
231	30
358	57
469	113
424	80
465	106
489	99
395	90
413	68
387	61
249	21
306	48
416	100
422	91
459	85
255	44
202	8
291	28
430	85
308	43
267	43
272	42
355	50
315	53
389	65
440	88
388	56
331	48
485	127
277	55
496	106
441	83
466	108
451	124
408	66
375	88
238	34
389	79
415	67
449	115
259	10
314	60
402	73
426	95
453	114
437	76
420	94
206	4
227	30
486	118
278	66
274	30
497	117
371	69
331	63
334	73
317	62
394	94
357	61
320	71
241	40
495	93
477	113
247	15
286	38
256	23
482	109
475	98
372	69
399	76
375	44
470	114
497	114
218	25
386	86
451	94
371	70
300	37
324	46
455	89
328	35
306	33
396	76
447	94
409	101
473	103
324	53
416	94
452	109
295	57
472	110
321	60
462	91
310	53
455	92
393	69
451	98
314	29
351	61
222	21
425	85
478	98
323	44
292	40
335	64
441	99
377	61
214	6
282	55
237	18
337	62
368	85
382	84
332	58
396	81
475	95
280	43
467	108
444	95
226	2
300	46
329	78
268	34
239	31
413	89
259	36
460	109
275	16
368	90
383	81
363	75
280	48
436	91
418	111
410	69
267	39
256	43
337	67
224	9
418	86
281	29
250	34
250	26
481	130
482	116
296	41
375	68
259	35
308	37
274	23
492	122
500	114
327	57
285	53
296	37
380	61
278	44
322	61
439	86
341	59
379	75
337	49
472	96
414	88
472	111
276	41
426	71
332	53
480	115
393	73
440	99
432	92
404	90
401	100
295	58
330	70
294	46
412	66
483	103
473	110
309	63
290	29
270	42
261	52
422	96
453	124
238	25
280	52
459	104
253	29
402	85
429	80
389	93
404	85
316	60
218	18
329	51
261	56
394	100
434	92
218	17
234	2
363	77
433	91
355	77
335	56
290	46
358	74
418	83
489	111
405	82
456	99
484	95
449	110
372	99
337	63
389	82
436	80
493	120
408	77
328	59
497	102
213	9
286	42
431	107
275	48
227	14
369	64
379	87
498	106
354	51
331	62
498	86
485	133
433	81
416	89
458	103
441	101
359	69
355	46
456	100
272	31
316	51
398	81
239	26
368	82
384	61
267	41
311	51
319	71
407	97
333	21
346	51
318	51
279	42
329	34
368	67
296	44
401	86
483	124
410	77
325	54
427	78
310	52
353	69
282	45
353	81
428	84
242	39
462	95
233	34
432	103
273	25
304	21
279	37
322	47
416	91
341	52
339	47
347	59
442	109
266	38
231	43
401	86
332	33
500	89
404	70
287	58
240	11
372	63
465	106
490	129
217	19
477	101
326	55
460	112
372	69
453	103
331	59
458	105
397	76
337	66
338	44
486	117
241	25
389	66
353	65
382	64
342	75
433	119
356	75
235	31
208	13
366	55
377	72
497	112
205	12
316	71
315	36
303	37
465	86
242	25
489	103
500	99
349	66
393	96
369	65
459	90
314	50
219	10
371	59
366	75
324	90
362	74
251	43
320	43
498	126
322	50
380	71
312	41
387	86
389	87
388	84
458	101
457	94
452	118
271	41
483	95
381	81
386	68
476	102
380	82
445	89
392	98
431	94
480	120
250	62
218	3
459	89
314	50
317	56
455	106
485	84
263	5
408	73
425	97
492	124
322	40
251	33
217	7
262	47
252	57
305	63
451	110
275	50
355	59
421	96
227	24
405	76
385	65
350	59
386	89
337	53
472	107
452	80
465	107
440	94
485	83
495	97
209	7
417	62
435	79
347	44
490	101
462	98
302	51
315	60
450	109
301	48
220	31
343	57
390	85
476	104
214	0
418	83
443	102
245	31
454	80
364	64
395	86
267	29
392	87
400	93
298	41
478	138
261	34
341	46
399	77
218	23
447	104
482	110
476	94
412	68
266	34
422	91
442	81
245	26
264	27
337	78
357	80
200	31
242	35
288	42
434	108
493	97
296	52
328	52
355	77
486	113
441	106
353	44
247	27
495	118
426	103
316	73
335	50
299	37
375	57
248	41
358	64
264	33
281	31
305	63
383	68
233	13
448	99
435	97
392	102
381	63
350	79
323	40
478	105
472	105
453	121
320	46
346	65
240	23
331	52
448	101
253	19
246	33
449	87
425	88
449	109
432	86
345	64
442	88
261	28
334	49
351	63
439	79
449	91
290	45
462	81
400	87
385	80
292	46
486	105
365	81
345	64
418	80
282	53
499	100
216	14
430	88
378	65
383	68
231	35
434	100
427	76
343	70
398	95
490	127
498	113
500	113
226	16
318	41
411	77
277	32
434	86
343	62
250	36
351	38
263	34
373	74
309	50
436	85
233	17
311	72
255	29
206	14
265	26
329	69
315	63
494	95
289	54
385	74
462	109
327	60
293	44
234	27
436	115
289	35
250	14
370	71
414	82
369	96
263	32
374	62
409	71
238	25
394	69
326	67
385	81
232	16
311	77
477	93
437	104
427	128
419	91
466	104
323	83
320	44
406	80
252	36
378	83
362	79
359	56
299	37
488	125
249	54
259	19
226	40
295	38
386	76
275	44
469	120
275	43
485	112
298	52
420	95
312	61
281	55
391	73
332	63
467	111
383	76
389	80
323	61
406	85
299	54
449	83
467	88
325	61
391	73
382	78
465	97
498	131
484	97
276	56
316	42
352	74
260	26
223	32
499	104
380	87
258	31
235	27
282	42
299	53
414	81
489	127
260	34
309	32
270	37
249	31
462	106
328	52
302	51
278	38
462	110
388	65
443	73
310	60
292	35
429	98
474	98
213	25
354	56
281	46
414	68
479	118
472	110
325	46
203	28
392	70
413	91
410	109
253	40
455	95
458	110
292	20
450	94
340	52
395	95
297	44
348	56
492	119
337	81
347	54
425	89
430	67
326	72
254	39
397	68
379	76
467	95
295	49
279	42
232	35
347	76
358	83
353	83
329	29
456	94
476	118
486	109
324	36
398	90
498	117
336	60
474	101
420	87
311	61
487	119
409	97
347	71
353	54
327	42
455	105
214	14
486	100
466	118
425	95
428	85
222	37
202	32
376	65
369	59
273	33
420	92
417	90
256	39
397	84
219	13
420	85
409	71
322	54
287	50
321	62
463	107
468	105
308	32
398	72
479	108
373	85
441	97
490	113
485	111
468	99
373	66
328	56
323	54
494	134
240	32
204	32
288	40
382	81
340	35
499	130
292	35
262	24
360	69
244	33
451	83
471	94
421	97
201	17
417	74
466	118
350	59
277	63
383	75
332	55
453	93
302	39
273	34
417	96
281	43
418	88
283	45
453	100
486	111
495	94
426	86
399	66
477	102
356	89
376	76
253	26
305	51
372	56
423	90
266	51
414	91
354	67
470	90
499	128
491	119
237	33
337	69
457	107
331	53
267	34
236	5
329	45
252	35
311	43
323	36
213	10
244	23
478	94
458	119
423	89
317	45
249	43
495	119
225	9
359	65
271	21
429	89
417	81
500	132
455	123
292	39
420	92
356	44
442	112
461	86
464	103
416	89
482	92
359	54
300	29
432	76
315	48
466	109
432	88
466	89
263	4
213	33
415	97
349	51
246	30
371	73
500	110
320	50
258	48
475	116
319	64
391	92
404	91
280	62
486	96
284	32
491	100
484	93
310	51
219	4
430	100
353	60
305	44
424	105
368	53
482	106
353	56
258	27
264	27
241	24
237	15
293	44
255	37
463	110
243	10
451	100
226	36
315	30
238	25
429	67
322	71
404	93
383	82
234	24
372	73
435	80
419	96
266	43
310	54
280	45
373	81
286	29
210	29
458	105
431	80
284	41
402	97
479	87
371	58
331	50
322	66
231	14
349	54
477	105
446	93
467	115
311	63
361	70
335	49
234	7
212	17
354	71
300	26
460	94
265	52
441	110
448	88
435	97
341	72
309	62
325	59
303	37
221	3
384	90
237	13
456	101
471	93
408	88
500	104
312	55
402	94
221	30
308	56
458	116
454	82
384	92
318	53
457	91
317	60
478	124
288	40
363	70
328	59
361	84
490	114
322	52
316	36
289	49
322	53
375	59
416	74
439	108
391	74
372	72
406	95
393	91
297	18
436	86
468	100
290	46
325	64
390	87
450	96
408	103
446	105
305	49
359	65
348	71
361	75
271	40
329	57
237	36
381	66
487	133
423	124
450	79
457	112
322	52
426	101
483	112
468	100
447	89
464	99
457	92
401	83
408	94
393	88
286	37
473	91
308	38
438	94
248	20
228	29
230	18
312	38
320	59
281	26
364	56
370	66
296	14
301	35
458	105
286	27
284	39
298	44
401	104
375	76
352	70
319	56
441	115
302	40
322	44
397	80
467	124
496	107
347	64
314	51
382	82
435	89
281	55
237	33
288	60
304	45
402	56
408	80
399	86
480	111
214	24
204	12
360	76
280	50
397	89
316	62
331	60
452	99
260	5
294	53
289	30
404	92
354	57
267	36
321	55
380	67
275	41
477	106
205	9
488	121
500	121
447	105
376	64
476	80
473	103
406	82
201	3
423	106
480	82
340	70
360	72
442	97
375	62
281	57
262	30
258	32
388	96
467	100
322	60
353	79
466	86
261	24
415	94
453	100
474	109
298	35
231	20
255	36
317	48
312	60
497	116
394	75
498	119
345	51
461	100
219	21
347	56
253	38
361	63
393	73
323	52
322	66
213	18
438	91
462	84
460	120
271	28
452	80
200	8
477	120
233	33
301	47
380	73
498	110
471	104
248	18
346	45
374	66
333	70
341	52
275	62
499	99
372	61
419	97
326	29
365	68
438	106
361	53
380	84
480	108
460	91
227	15
289	74
360	58
471	123
446	76
467	99
443	83
251	38
390	77
272	42
251	42
465	122
325	51
463	117
451	82
275	37
388	83
340	64
480	133
275	25
468	94
379	88
254	31
250	24
237	17
393	85
205	18
268	26
425	89
242	27
495	116
202	14
313	48
365	92
306	57
335	53
424	82
435	108
261	26
389	64
443	111
294	55
370	67
446	101
282	46
445	88
358	48
312	37
364	81
463	100
227	26
212	28
240	29
283	48
474	83
247	33
372	74
443	79
378	72
330	74
226	39
224	22
255	31
269	29
438	93
446	115
453	90
270	31
450	94
348	75
354	66
293	33
477	134
375	60
273	32
484	106
331	47
325	65
264	34
496	91
471	94
481	112
443	91
436	96
354	63
452	132
284	42
352	51
409	94
311	62
360	60
364	58
242	31
310	54
334	83
490	94
411	87
361	79
487	119
315	68
341	66
285	40
369	63
274	47
407	70
402	82
432	81
221	18
224	19
428	92
470	114
471	117
270	9
422	89
323	61
309	30
331	77
277	43
456	80
495	145
494	117
457	91
496	124
250	26
268	58
305	53
281	29
292	56
256	38
230	30
421	90
207	16
443	103
348	62
303	55
462	103
281	38
445	110
283	40
432	90
290	40
280	46
411	86
412	74
349	76
300	63
489	108
248	34
315	51
486	105
341	76
358	69
285	62
237	36
314	55
450	98
333	51
413	92
263	34
240	22
499	135
474	99
499	121
395	68
214	16
405	78
386	60
488	97
324	64
483	122
439	88
431	94
461	109
342	67
457	110
266	42
442	103
436	119
326	65
257	18
263	4
443	93
398	78
301	18
388	75
369	77
368	56
273	53
407	88
426	83
273	27
478	104
231	25
257	53
237	14
305	44
354	59
266	32
500	123
363	66
350	60
460	110
352	80
407	73
304	55
437	94
472	110
421	66
452	117
262	29
327	44
455	105
355	57
323	74
347	54
385	66
407	96
494	119
309	57
209	14
292	39
386	66
348	56
437	114
419	86
468	86
447	89
356	42
327	67
491	83
422	88
366	43
297	49
343	74
267	35
374	82
389	88
442	75
248	4
319	62
417	78
486	101
433	108
498	98
433	103
491	95
367	41
414	91
366	70
373	84
269	40
496	121
463	87
235	28
452	95
446	78
202	2
421	99
486	119
393	77
387	94
352	72
275	50
291	45
470	104
457	91
454	105
201	19
434	70
443	97
427	87
450	87
444	107
356	71
264	20
280	34
268	42
401	80
439	96
305	45
498	107
274	29
328	62
469	105
446	101
319	55
429	73
374	65
337	58
459	100
418	83
232	20
377	78
391	71
345	58
353	83
301	38
291	51
260	24
297	54
344	64
281	33
340	55
308	64
415	79
364	56
413	75
365	59
205	7
265	38
286	27
272	31
443	111
268	28
251	23
203	15
485	113
410	63
410	81
457	87
361	60
297	48
469	89
424	101
387	71
433	85
451	91
367	84
247	19
440	93
435	90
383	83
340	48
463	121
476	88
347	72
441	69
324	47
377	84
489	117
445	77
487	110
315	54
430	90
435	77
273	25
455	78
223	8
489	113
265	49
458	99
419	94
388	91
371	71
251	40
299	45
407	86
365	51
211	12
500	116
473	94
292	36
360	73
447	105
493	122
339	67
211	17
288	48
442	115
399	66
335	67
360	66
351	58
400	78
434	97
210	22
289	54
438	97
463	85
423	76
450	75
336	83
308	59
417	75
473	99
398	83
336	70
369	69
290	46
287	50
475	123
252	48
258	40
287	40
484	107
411	99
307	50
245	23
252	34
267	36
273	46
472	89
470	120
236	19
295	52
258	34
494	115
485	116
336	50
346	61
227	24
388	79
261	33
452	85
457	98
371	71
476	113
418	86
306	45
431	83
297	47
421	71
444	98
383	81
311	27
237	29
318	50
279	33
313	71
391	78
261	37
294	45
326	71
327	56
223	24
273	31
215	8
288	55
255	41
249	52
490	102
327	59
268	23
342	3
486	97
342	57
302	47
429	81
382	78
245	39
237	10
275	30
369	76
446	98
423	76
363	76
217	2
421	84
490	105
309	47
354	67
382	83
245	24
316	63
484	84
401	89
415	94
235	11
363	72
255	18
383	64
266	33
420	92
295	43
476	120
478	98
230	26
315	54
463	96
451	89
436	96
349	68
293	47
422	85
219	9
320	17
354	76
236	23
315	48
324	58
267	27
332	74
351	69
473	106
350	58
357	69
326	47
443	98
410	68
330	60
355	96
275	30
474	98
412	63
425	96
324	38
270	54
490	126
278	44
455	111
212	11
452	102
299	49
358	67
451	86
266	37
453	101
309	61
378	45
324	70
290	39
275	31
419	69
291	32
355	81
452	113
306	64
254	43
350	64
278	48
252	36
260	44
455	88
408	88
319	63
211	15
396	70
304	68
350	70
300	61
408	87
470	111
434	81
339	62
394	86
265	18
404	87
203	4
296	50
352	61
340	67
365	98
452	92
467	86
369	78
382	85
481	124
312	59
450	92
396	71
329	53
333	62
421	90
466	107
499	113
260	44
379	86
437	76
445	86
266	45
292	33
382	70
396	78
296	51
256	48
375	81
456	95
248	23
489	119
255	49
433	103
332	66
364	83
472	105
397	72
252	31
351	55
314	61
409	56
470	128
324	55
457	109
382	59
420	68
202	21
353	63
427	83
211	31
438	83
251	31
417	73
419	67
307	48
260	40
312	34
329	41
400	76
260	37
385	73
352	62
412	77
437	102
318	80
351	40
393	67
287	39
384	73
426	88
254	19
423	91
364	62
323	50
322	62
341	79
457	97
392	95
370	73
466	84
278	42
336	58
227	19
386	75
422	89
360	46
239	26
454	84
388	82
319	58
292	53
488	97
417	88
280	45
491	83
466	112
492	110
242	23
459	106
379	55
205	16
309	44
323	58
409	67
358	83
364	85
286	50
464	89
265	43
341	81
337	47
466	124
490	109
318	47
247	13
311	67
204	11
396	92
476	110
275	43
444	104
263	38
325	64
277	34
499	88
376	52
296	41
361	87
317	45
395	91
419	88
363	70
446	91
366	62
200	28
326	71
310	38
327	49
487	107
338	71
490	99
430	95
350	57
498	111
264	38
431	89
341	69
347	44
365	57
491	115
291	62
310	49
472	105
470	115
443	87
433	83
214	9
251	30
345	57
372	50
362	69
492	120
434	93
321	64
326	34
209	21
467	111
202	19
316	53
485	108
434	83
397	85
381	69
456	85
497	107
437	90
395	64
470	107
237	15
343	68
223	15
290	17
426	88
327	37
246	40
357	68
488	102
463	108
444	87
360	70
251	43
441	81
441	102
300	12
274	42
486	123
227	5
292	35
397	90
296	46
379	81
271	21
461	105
499	146
466	114
328	54
452	91
460	103
253	35
235	21
494	118
374	66
277	45
218	19
353	72
343	59
393	86
284	18
463	91
317	63
317	51
301	47
231	8
449	94
436	101
404	88
433	93
260	23
255	25
252	18
400	96
210	1
270	47
492	147
298	44
363	83
498	117
404	79
374	70
452	84
302	59
418	87
355	64
481	123
491	122
347	76
377	83
327	56
275	43
283	37
408	89
315	50
440	87
368	70
256	37
391	105
239	25
340	61
402	87
240	23
470	91
324	60
267	36
473	105
464	134
480	111
390	61
314	53
442	100
473	96
210	4
432	101
246	29
282	40
323	79
440	72
466	97
423	78
288	49
394	72
337	63
446	99
312	57
426	89
282	44
298	54
346	60
275	20
359	72
403	84
393	82
380	50
439	85
475	110
317	57
318	56
337	53
427	100
492	114
303	34
330	62
343	63
305	59
494	117
276	38
210	26
340	65
331	53
209	19
417	87
396	89
409	77
421	91
338	61
316	53
355	72
337	58
431	96
429	101
375	73
469	97
462	104
305	53
382	98
282	46
222	32
246	18
282	55
380	75
366	47
266	39
210	32
315	77
403	92
446	89
494	133
320	46
322	49
413	73
321	60
419	105
263	32
238	45
476	105
391	66
445	105
297	37
260	27
442	72
217	21
463	103
275	41
376	92
410	77
497	108
445	97
384	65
413	77
336	49
243	36
469	106
291	63
221	19
364	70
350	68
493	125
456	113
313	45
342	65
314	55
289	47
336	25
315	46
368	70
435	105
495	104
386	66
288	51
466	108
425	95
302	58
277	39
447	105
279	38
432	85
488	108
275	25
234	31
275	34
313	56
478	129
362	61
255	55
307	23
242	22
255	31
327	40
285	55
292	57
277	34
410	91
416	83
449	116
305	53
446	99
246	33
338	66
382	90
399	69
255	48
469	89
296	57
413	85
289	43
398	71
354	79
416	95
238	43
262	31
388	83
216	29
342	62
284	29
399	79
483	102
231	17
292	56
339	60
349	71
494	112
442	106
222	35
387	76
473	109
213	17
368	84
226	6
398	72
382	78
351	66
379	76
243	27
430	80
439	84
338	58
211	2
254	45
238	34
306	29
296	65
398	92
416	86
342	53
443	98
283	42
466	107
326	43
449	88
360	86
414	80
374	86
368	70
294	50
458	84
439	89
267	37
419	106
458	88
360	73
358	68
349	81
432	73
236	15
478	96
444	119
334	65
327	72
350	75
281	51
337	49
403	88
419	93
374	82
427	84
394	75
315	47
438	85
351	79
323	68
475	91
471	107
344	71
333	56
438	87
208	14
227	25
230	24
464	102
400	87
448	107
325	60
450	92
387	87
250	33
239	21
291	19
258	21
484	113
416	80
413	69
290	48
446	107
295	48
288	53
310	55
450	94
477	96
381	75
459	84
459	114
351	62
409	72
277	28
416	75
406	69
424	85
308	36
305	69
365	56
269	29
376	79
393	83
433	103
415	98
456	107
214	38
497	111
410	91
486	114
367	71
439	100
310	40
398	96
244	12
374	80
296	44
336	53
455	114
279	34
476	113
375	81
397	86
440	107
419	93
489	108
317	54
352	67
252	27
318	68
359	79
431	77
282	23
429	85
354	73
325	63
438	82
323	24
466	86
348	47
429	91
289	47
223	34
276	42
489	97
313	47
275	42
210	26
272	30
493	102
270	41
467	78
381	67
420	78
417	83
452	100
269	34
401	91
430	102
424	106
276	29
500	98
213	10
414	100
451	120
304	60
398	80
499	112
257	18
349	79
364	71
423	75
312	56
260	41
274	36
489	120
310	45
413	84
483	114
378	79
373	58
392	76
290	48
354	76
270	34
327	56
251	31
456	87
279	39
221	20
257	36
415	86
261	24
393	89
342	65
211	19
444	100
416	107
345	50
218	31
246	16
286	59
228	22
363	50
498	104
364	74
288	48
387	72
269	39
486	107
453	100
430	99
409	73
418	81
485	117
259	46
397	70
345	58
273	29
387	73
460	83
346	53
214	9
304	61
232	22
461	103
245	14
473	94
336	60
332	38
429	94
441	106
256	34
315	58
493	99
480	121
426	117
404	72
328	48
326	50
392	66
352	57
337	53
374	75
489	109
234	24
333	59
314	43
438	86
255	37
465	116
378	62
472	83
469	79
476	97
486	113
406	59
411	66
265	28
289	52
300	37
326	57
363	76
372	69
423	100
460	91
437	97
393	75
444	72
364	80
218	10
274	27
293	64
338	62
474	123
393	77
261	36
447	95
416	79
341	56
361	70
235	35
412	94
407	96
381	83
290	53
212	0
471	81
302	57
235	23
352	70
275	31
268	23
278	49
344	51
453	104
254	21
360	58
202	12
416	86
482	119
481	118
430	85
269	18
311	58
494	97
299	109
364	69
488	105
230	24
408	81
315	40
393	95
392	73
234	21
214	6
206	4
330	63
458	90
428	90
429	99
398	63
350	68
264	17
484	103
442	108
484	100
370	67
243	49
499	120
411	104
462	89
454	75
275	40
397	64
331	47
368	63
405	87
335	77
311	54
417	71
326	40
486	127
403	68
338	69
329	67
379	78
251	43
397	81
483	97
410	75
446	113
407	76
346	64
425	88
412	76
202	2
279	41
214	23
366	62
489	92
278	38
361	69
272	33
299	40
246	23
445	87
368	79
400	81
352	66
348	46
328	57
253	44
368	77
411	86
457	124
280	27
412	101
264	42
230	15
457	104
389	69
200	20
270	40
376	55
465	98
453	101
367	69
291	68
390	71
385	87
358	58
430	86
398	82
274	45
391	52
242	31
368	72
395	91
399	89
275	45
415	78
292	51
285	51
432	100
294	52
386	104
459	97
412	77
465	113
463	101
406	80
497	110
254	19
279	67
267	38
287	46
341	65
273	23
424	107
246	43
314	55
200	5
267	42
259	40
418	45
247	34
445	94
315	49
203	22
235	36
245	30
490	89
296	36
350	58
485	108
420	85
447	88
454	85
370	78
329	55
271	35
477	108
298	47
305	54
309	43
262	33
493	98
246	24
443	101
407	80
424	95
275	56
476	116
290	40
433	78
275	29
282	28
489	115
280	27
334	72
344	79
361	86
316	38
450	90
445	107
407	81
255	16
362	75
429	95
467	97
437	97
444	100
246	24
249	23
305	59
360	74
288	51
328	59
281	39
319	49
273	30
282	31
380	75
242	36
280	61
255	37
463	92
319	56
346	54
274	29
294	39
487	76
322	42
240	20
259	29
367	89
305	43
242	27
220	10
489	108
264	48
261	35
259	14
399	66
482	95
231	13
385	83
403	70
471	105
457	92
401	71
431	80
267	36
475	105
367	85
461	108
345	60
467	129
296	42
358	77
250	36
397	103
458	100
310	41
382	62
490	136
222	37
428	88
397	83
208	25
412	90
419	78
412	73
489	114
493	122
428	96
403	68
274	31
349	71
216	27
439	94
462	104
380	57
280	37
281	55
375	64
372	69
276	32
483	111
462	107
329	60
375	77
492	99
467	115
441	102
407	84
457	97
317	63
319	49
397	77
304	40
411	82
468	90
479	102
251	20
489	112
415	95
283	24
442	85
202	8
329	64
224	9
299	45
314	59
483	122
478	108
435	110
286	45
354	67
228	34
431	74
462	109
463	85
281	45
342	64
461	103
249	51
481	87
483	103
318	56
382	84
283	20
241	40
252	31
466	95
377	71
297	34
266	33
317	31
400	83
420	93
411	99
397	100
247	40
412	66
247	17
355	66
417	88
435	100
401	76
337	56
363	81
399	101
219	7
431	81
425	74
259	22
330	49
292	41
418	97
301	51
447	97
383	63
336	54
254	22
384	73
225	27
392	74
278	30
283	39
248	44
463	88
328	71
457	94
446	80
286	48
360	51
226	30
449	88
354	59
439	89
411	92
488	115
460	92
461	103
489	90
483	108
440	100
338	69
454	92
314	34
493	122
493	101
324	62
377	77
422	78
475	98
480	114
373	90
308	41
330	67
336	79
376	72
351	74
442	98
297	50
225	37
453	116
457	94
364	55
325	46
374	64
433	79
223	13
408	58
270	36
458	85
335	66
280	43
365	61
284	43
485	112
257	23
201	17
455	125
253	21
434	91
408	82
329	43
418	95
348	46
463	98
454	96
208	16
456	94
434	89
437	83
311	50
346	59
491	94
304	43
254	22
206	8
460	107
460	97
445	99
344	57
277	39
284	50
451	69
328	58
496	117
494	120
397	65
387	74
306	17
227	17
241	41
396	86
382	69
284	40
269	41
265	39
425	81
270	46
409	85
298	45
430	101
372	50
426	86
272	43
316	59
393	83
397	68
390	66
342	73
221	9
385	66
305	51
433	73
497	110
404	97
369	63
206	9
407	64
309	50
467	110
330	62
467	107
473	95
394	55
477	84
333	33
252	39
440	85
485	114
248	34
353	48
431	90
294	50
412	91
396	76
293	18
272	31
367	84
323	38
365	62
202	13
423	87
265	44
387	76
485	119
286	23
454	97
367	67
464	95
384	68
423	99
254	26
333	55
459	103
459	105
395	95
409	105
274	42
257	56
480	109
356	56
398	85
365	60
332	62
391	89
423	89
434	79
467	117
251	29
441	79
266	44
314	48
388	72
318	33
367	87
211	25
457	118
257	32
243	31
258	38
297	39
395	62
349	70
306	48
328	20
329	58
467	115
486	122
316	59
356	84
498	116
473	106
402	83
387	68
423	81
293	46
376	79
480	124
268	21
375	57
277	40
492	112
292	49
440	98
306	48
451	95
297	46
279	36
328	55
387	101
409	88
391	85
304	45
309	47
306	63
347	50
321	56
239	10
286	37
342	57
264	42
286	21
229	20
408	65
361	51
496	95
358	92
369	81
349	42
342	72
403	71
451	97
475	110
304	25
356	37
492	95
458	113
404	78
272	39
410	107
490	111
365	59
407	79
343	57
360	67
295	43
497	142
259	39
236	28
333	62
250	16
434	99
489	122
269	39
471	98
257	36
409	109
479	100
227	35
337	51
349	73
445	74
449	94
279	40
257	31
471	107
419	116
480	107
442	61
439	81
469	117
492	98
260	40
301	32
399	105
324	64
294	45
244	19
459	105
471	106
398	87
211	42
469	101
384	69
493	101
382	58
339	71
297	59
434	92
310	46
402	91
470	113
447	94
304	61
433	87
486	101
309	62
371	79
381	50
300	56
298	48
299	38
304	59
401	97
294	32
456	121
373	74
304	52
281	42
383	64
372	48
225	26
327	49
377	65
475	101
243	35
238	26
487	114
448	95
388	75
393	92
398	75
246	25
315	50
285	32
246	39
480	116
230	26
374	68
442	95
492	90
419	99
370	78
465	114
413	74
445	77
322	62
352	68
310	15
446	95
310	46
283	40
250	29
288	34
253	43
431	105
358	61
397	78
493	95
298	46
397	65
323	63
417	87
354	61
463	102
479	102
346	70
495	107
271	28
389	89
304	56
307	23
281	27
337	65
351	57
268	20
297	59
367	75
346	81
347	59
394	80
401	75
338	32
341	76
225	30
466	84
274	46
321	64
274	43
464	96
372	85
352	67
498	110
426	101
395	79
232	27
476	118
374	72
325	34
382	76
211	26
451	99
365	76
456	106
302	40
353	70
294	26
322	54
294	48
223	8
438	98
316	51
276	19
491	114
268	32
319	54
279	21
270	48
357	42
320	53
263	58
396	67
382	79
281	43
420	101
296	49
378	62
418	105
373	77
289	45
378	74
498	107
228	31
485	138
333	66
370	60
431	86
309	33
312	62
497	122
438	90
477	118
369	58
349	67
444	109
378	78
332	57
449	84
421	83
428	95
249	40
305	63
329	50
394	75
313	52
380	74
369	68
350	52
205	18
275	44
446	107
234	21
445	92
250	26
372	72
360	69
330	45
423	77
385	72
472	92
436	101
438	74
372	57
269	39
258	20
243	34
329	70
471	111
318	48
341	52
402	100
438	97
364	77
332	70
278	57
392	61
215	18
406	77
371	54
256	50
413	97
396	83
324	38
388	74
373	80
379	86
459	102
412	98
339	58
301	39
367	61
298	58
291	46
421	95
351	71
305	34
200	6
342	67
205	18
492	94
248	45
444	93
321	61
470	93
275	39
424	61
274	28
254	41
284	28
354	64
360	64
437	78
371	77
428	93
368	54
406	92
450	90
211	18
369	27
302	55
402	96
328	66
406	82
399	85
304	13
319	69
363	50
497	104
397	98
394	88
300	62
432	94
344	58
362	100
394	97
274	33
470	87
466	116
285	54
308	54
489	96
478	103
479	111
317	54
456	99
240	34
376	76
395	81
388	73
222	25
498	126
476	119
337	64
340	76
496	119
415	90
415	86
223	11
444	125
491	109
466	110
318	59
311	44
380	86
264	51
296	52
381	63
488	102
329	61
302	61
496	123
488	113
349	66
221	16
343	69
470	105
410	95
332	66
430	101
489	92
280	53
480	105
459	116
228	18
499	98
292	45
265	41
328	58
490	112
276	34
391	79
238	21
462	93
227	11
371	78
274	24
275	45
385	80
408	100
315	41
295	42
295	60
456	83
271	50
212	30
479	87
298	42
248	28
261	32
420	79
361	76
304	50
320	48
386	96
341	45
399	85
415	100
452	93
488	95
386	69
315	52
363	76
487	99
456	96
377	77
282	57
411	85
366	57
297	50
486	113
323	56
456	80
427	94
405	76
284	49
325	53
450	100
243	29
202	1
427	105
224	25
442	88
363	68
423	100
425	95
259	24
346	65
225	20
313	57
373	73
226	6
353	75
236	31
443	92
371	62
356	70
448	99
240	31
358	63
240	32
369	82
303	46
443	81
228	23
417	104
295	56
426	108
252	30
288	47
428	79
397	90
410	81
435	94
313	62
366	75
454	90
438	85
422	114
452	97
415	90
415	96
416	106
366	66
335	68
281	39
284	25
427	89
234	28
322	45
273	36
288	36
399	75
464	105
280	34
391	70
239	26
258	19
351	56
483	83
350	62
398	78
487	100
400	67
475	90
464	100
234	30
343	74
465	109
302	58
221	11
323	49
405	81
470	98
342	62
499	127
412	88
345	66
489	95
232	34
239	2
257	17
464	96
319	57
351	60
296	49
331	60
426	88
332	71
396	79
267	50
350	59
386	77
439	97
390	68
271	15
213	24
435	80
325	58
376	64
462	87
301	36
358	63
497	124
371	73
493	107
208	3
439	87
410	70
342	54
482	93
389	71
489	126
477	113
346	59
271	48
268	48
236	34
498	112
378	57
288	27
395	79
312	38
388	60
445	114
457	103
294	45
345	55
396	81
242	42
448	95
238	31
313	38
330	40
487	103
440	92
226	31
342	58
296	55
445	99
412	38
384	78
487	107
403	87
480	110
213	20
398	75
402	77
249	37
230	30
414	82
294	64
272	28
419	99
440	89
310	67
407	79
402	74
254	43
285	47
286	48
470	100
422	73
496	97
388	85
449	88
461	104
457	100
295	53
470	106
499	94
278	45
419	90
251	33
338	55
320	34
413	90
419	66
496	94
263	53
383	95
241	18
334	76
303	51
492	108
494	110
372	62
376	89
477	97
475	114
372	77
408	83
380	67
367	59
279	34
353	72
406	95
222	29
474	109
245	18
392	69
413	75
335	54
344	51
301	47
379	66
420	100
419	100
371	81
420	79
349	75
319	56
202	6
476	91
315	65
432	90
351	78
293	38
274	33
329	65
348	60
328	59
499	104
462	102
451	93
292	41
282	37
390	72
408	79
419	82
443	94
283	25
259	14
257	14
400	75
275	26
245	38
241	18
422	99
205	12
282	42
363	83
336	53
355	79
294	28
499	113
463	113
466	115
428	82
498	139
408	74
315	49
484	96
238	18
440	82
366	77
212	17
268	50
219	24
257	12
410	67
253	38
407	84
201	15
339	77
445	112
485	129
496	128
396	70
258	39
238	34
371	66
268	36
471	94
358	81
296	37
414	113
434	87
308	42
349	57
255	33
278	44
305	56
276	31
461	112
348	34
481	122
301	43
489	101
341	63
484	102
371	85
468	101
401	72
350	74
283	37
478	119
335	61
437	101
322	42
487	105
482	117
286	28
344	64
295	43
279	57
373	63
458	107
462	88
330	57
405	82
385	95
221	26
328	49
397	97
318	60
479	101
372	78
344	49
329	38
308	42
456	89
394	74
259	45
441	96
216	32
499	107
365	51
458	93
298	46
436	81
471	106
467	102
364	80
471	99
410	75
264	40
310	44
398	72
341	58
276	32
288	41
245	31
282	38
358	85
488	104
454	95
451	118
230	9
474	107
374	88
216	22
420	97
335	45
238	18
462	97
315	50
314	59
301	53
417	84
221	6
440	97
308	97
444	99
345	76
306	40
484	122
386	80
261	48
280	48
209	30
273	38
447	93
298	56
215	31
341	60
295	52
290	37
314	18
318	46
227	27
491	100
495	123
281	27
401	94
293	41
294	37
255	48
304	42
445	94
233	21
390	66
407	69
414	102
482	106
403	93
379	70
393	71
419	86
203	2
411	57
411	98
299	45
211	16
331	75
427	87
299	60
488	130
368	70
426	75
318	52
316	38
469	112
218	20
383	77
404	84
290	53
484	108
353	70
500	104
462	115
252	39
314	47
389	68
387	60
481	102
431	86
369	72
484	128
379	72
289	39
314	54
298	32
335	53
362	63
385	81
442	87
389	81
306	74
348	50
294	62
259	40
486	118
338	71
492	114
497	126
401	87
254	39
414	92
482	119
372	94
329	34
414	109
491	102
334	53
224	16
434	79
268	46
273	35
412	82
496	109
278	15
264	35
394	56
389	65
368	56
378	69
448	93
402	91
439	86
300	55
497	92
349	57
384	69
292	41
281	58
206	18
346	65
243	22
287	30
338	54
497	121
465	99
451	86
327	63
333	76
377	72
355	63
399	113
435	93
500	122
377	96
288	45
369	60
489	134
239	29
287	45
303	46
224	22
451	80
448	109
382	70
376	68
277	23
498	113
363	60
361	67
294	59
355	66
296	46
376	79
415	102
225	15
219	7
305	61
490	131
219	9
489	117
435	92
497	113
251	22
316	41
356	72
253	35
279	50
390	78
392	75
325	69
215	19
274	23
351	73
257	29
485	114
413	90
250	26
378	79
466	102
443	88
224	14
290	46
499	105
406	90
311	60
457	106
483	113
263	37
322	22
289	48
372	59
355	67
239	35
283	27
347	65
369	68
340	74
437	99
336	61
234	13
247	33
326	68
249	39
473	78
286	36
362	65
456	107
384	76
439	89
489	108
415	60
478	108
425	79
335	57
455	128
259	26
283	40
312	39
368	63
458	100
337	44
399	68
439	81
316	32
362	52
500	132
275	38
258	36
312	57
214	22
362	81
286	49
425	95
481	97
345	42
230	11
415	81
282	61
299	33
486	108
443	77
341	62
268	39
416	84
337	61
329	63
365	47
432	86
253	32
325	69
297	40
312	42
494	126
282	2
270	40
308	50
238	23
261	42
216	27
450	92
320	56
433	97
443	119
434	85
348	63
238	27
433	97
336	67
272	40
473	103
277	53
285	34
212	10
209	12
219	17
473	109
342	65
490	83
302	68
261	29
333	59
443	87
299	32
388	78
401	83
475	87
447	108
439	89
482	104
474	139
259	29
370	77
385	71
336	44
453	125
438	86
435	101
344	71
224	11
252	53
391	91
493	111
383	58
465	96
288	29
418	73
352	50
422	96
348	69
203	29
440	91
443	98
439	77
294	11
311	65
370	69
311	47
259	28
497	102
498	123
430	119
201	25
330	78
392	78
419	108
376	62
312	55
405	78
236	26
402	71
363	87
283	33
428	78
287	28
396	91
344	74
405	80
301	39
239	27
478	95
362	76
440	89
415	69
467	114
251	42
428	89
315	47
383	76
339	55
302	50
232	23
408	81
489	120
318	49
300	38
500	130
491	115
350	67
324	44
489	113
307	47
279	59
375	63
479	118
301	45
316	69
228	24
420	82
223	21
487	112
298	41
492	112
447	86
344	58
411	100
432	105
437	100
274	50
280	51
384	63
463	100
490	102
471	98
308	51
436	94
322	46
316	42
299	54
486	106
288	53
498	108
445	100
326	57
357	89
317	63
401	77
240	33
401	114
394	83
373	82
273	34
276	24
363	67
487	109
342	76
483	105
251	36
485	112
292	39
477	113
393	63
482	105
407	103
443	96
465	105
483	104
432	98
425	86
392	81
434	101
317	50
381	77
376	85
448	88
352	48
249	25
332	45
446	102
344	69
200	12
406	80
399	61
401	81
455	93
225	15
475	94
302	22
280	37
333	50
405	90
331	73
332	40
311	49
434	112
450	100
477	107
341	65
313	40
475	108
387	71
329	64
209	21
327	45
272	38
316	62
485	95
460	104
466	134
236	2
228	39
201	18
427	96
351	77
325	63
301	51
496	122
442	85
414	114
359	84
242	29
432	107
309	48
374	55
403	76
227	36
384	78
418	79
487	123
497	122
404	71
388	80
309	49
296	60
417	103
323	70
243	24
229	28
374	70
366	71
269	30
348	76
249	36
348	79
204	16
252	43
323	54
499	101
293	61
321	52
445	84
317	57
240	30
347	43
280	34
390	72
332	58
499	105
425	89
282	59
444	105
300	38
359	82
297	43
492	119
273	48
448	103
224	30
346	79
339	70
307	60
360	55
204	26
283	42
410	78
353	75
395	73
439	90
290	51
285	25
220	28
321	50
364	71
230	5
409	61
401	84
423	94
453	95
275	44
342	69
389	65
435	102
319	59
289	17
402	82
487	139
226	15
251	34
484	110
402	90
268	17
226	36
458	99
385	56
406	78
391	56
313	53
463	100
355	53
372	72
427	103
229	18
488	113
456	75
423	84
446	107
478	118
488	111
470	101
269	48
494	137
457	92
481	108
339	46
470	93
394	72
283	55
493	96
428	71
371	63
465	115
244	37
316	45
446	101
322	69
343	68
214	29
331	50
286	51
269	44
270	46
272	18
229	20
420	83
376	82
310	59
314	45
285	33
464	99
472	95
350	71
315	43
451	94
468	103
471	114
462	107
449	100
225	37
459	100
470	90
310	52
479	122
244	27
364	76
245	33
350	69
392	72
313	64
249	14
360	55
201	10
486	109
448	91
267	18
308	49
451	72
270	23
269	63
352	59
442	81
449	87
489	100
216	14
224	15
370	74
256	36
236	43
294	54
406	87
361	66
489	102
354	77
463	85
491	102
474	108
320	57
213	27
327	56
422	95
310	50
440	77
315	54
395	87
451	84
263	35
456	105
373	62
353	69
256	45
257	33
385	63
210	32
327	41
399	83
243	15
441	80
231	36
418	114
256	33
403	76
386	59
373	76
468	117
289	49
468	100
224	17
395	95
392	62
392	69
444	97
262	24
324	54
429	80
284	41
318	38
487	102
261	29
479	107
346	68
243	25
345	73
399	99
312	56
476	104
431	90
260	20
233	32
268	41
230	42
461	89
433	74
453	91
281	58
259	28
339	54
280	49
485	97
398	76
494	103
326	63
374	60
258	29
377	59
406	72
318	48
211	2
392	77
319	58
343	76
291	52
308	69
312	35
393	78
309	45
243	28
391	61
433	86
480	121
270	29
303	50
492	101
307	54
469	99
275	40
491	128
482	118
489	122
488	85
230	14
335	52
413	77
286	42
454	71
476	112
403	61
482	112
413	86
408	100
373	73
436	84
233	25
313	83
445	85
357	66
350	68
497	118
400	72
360	86
481	116
483	128
338	52
228	20
362	57
442	85
239	22
438	112
364	83
299	43
454	109
399	56
461	109
428	98
433	89
275	34
446	89
375	74
320	48
499	111
464	96
436	111
317	56
388	68
393	82
309	44
342	67
297	35
284	36
401	83
322	51
374	86
440	92
500	112
286	29
459	88
240	41
223	26
448	84
362	70
257	32
357	47
256	33
284	38
434	94
388	84
272	23
336	84
202	15
435	71
314	44
475	116
235	25
340	55
362	76
484	131
435	68
215	23
442	102
217	13
440	113
242	22
327	44
383	60
404	77
398	82
403	96
357	57
487	111
373	65
377	85
368	62
248	27
469	107
370	81
412	89
259	41
217	11
438	108
476	117
319	41
479	120
337	65
467	105
414	54
349	63
401	64
445	103
278	51
312	39
435	90
388	55
215	69
497	113
219	10
307	50
304	33
416	80
358	53
473	109
470	92
422	100
276	48
336	54
271	27
430	104
429	104
286	12
337	40
379	91
344	62
272	29
291	68
319	73
448	105
354	73
331	46
329	73
380	71
221	5
444	75
341	77
369	80
291	29
451	108
247	44
371	76
444	98
265	28
229	24
220	30
243	23
283	29
477	102
365	77
481	126
391	88
370	79
370	60
262	35
404	87
236	24
239	25
446	99
459	90
227	19
233	19
257	45
424	108
295	49
306	25
339	45
331	44
475	92
490	94
327	46
490	120
364	69
446	103
414	80
344	53
314	85
286	50
464	111
459	120
451	92
347	61
496	108
378	70
453	89
477	106
378	81
304	54
370	64
398	77
325	46
492	116
367	63
235	37
496	95
449	91
368	67
217	17
449	78
364	87
438	101
273	35
323	54
435	87
427	96
487	121
383	74
413	85
464	101
248	30
500	108
251	34
281	48
306	66
425	77
271	47
320	53
297	56
314	59
477	122
252	25
363	86
347	76
404	63
257	35
286	46
458	94
291	64
481	127
495	95
335	60
442	95
413	94
411	105
335	47
434	92
426	116
354	52
380	79
364	43
231	0
438	92
350	64
493	105
343	62
426	78
392	85
478	102
400	81
458	92
336	60
407	103
213	18
310	42
244	14
413	104
473	108
300	31
447	84
436	92
407	80
361	70
397	85
302	43
319	49
236	31
278	59
248	32
383	90
400	75
293	44
472	107
473	97
305	13
412	83
423	91
349	64
262	39
321	52
408	84
332	55
316	65
258	30
314	47
282	53
416	101
457	99
448	93
303	50
443	88
299	39
309	28
321	66
268	56
446	96
465	115
416	89
334	64
389	72
248	45
489	91
465	78
356	61
235	13
251	35
499	109
395	106
497	103
257	23
270	5
306	61
354	68
485	116
400	69
448	89
477	107
487	88
426	77
293	43
406	98
385	109
265	38
405	71
479	114
357	80
436	97
332	45
305	51
274	46
341	38
268	21
302	46
476	100
220	24
411	88
348	81
288	49
310	51
421	92
249	20
372	87
305	55
334	48
384	64
497	120
408	81
390	77
343	41
321	56
482	101
330	60
269	21
353	78
298	55
270	45
290	46
353	56
383	68
360	71
375	73
385	75
333	58
230	28
278	36
252	5
412	95
474	120
226	34
441	87
324	46
212	13
429	94
297	44
444	99
370	54
442	90
408	90
416	67
428	100
357	66
404	83
322	56
202	4
411	67
394	74
321	65
381	69
482	103
310	40
234	22
200	12
270	57
438	79
312	48
275	17
349	66
359	61
419	75
338	69
234	13
267	27
241	27
401	86
321	61
484	123
386	80
484	100
472	109
357	71
280	51
338	47
454	99
318	48
463	109
484	97
479	114
435	94
248	33
312	56
491	102
271	41
274	33
257	33
332	59
456	113
405	127
380	65
261	20
440	88
482	104
261	0
358	75
332	62
434	91
241	18
342	63
349	77
359	67
289	22
287	41
479	112
311	53
408	68
268	48
257	32
465	113
257	42
252	16
485	112
413	72
227	24
252	46
224	30
247	26
286	51
320	60
337	60
390	80
340	78
458	88
360	35
267	36
330	60
372	76
351	56
281	50
320	54
499	122
473	95
311	63
236	19
491	103
458	85
269	38
283	38
336	67
394	69
481	104
461	96
360	58
443	75
389	77
317	53
304	56
328	61
414	76
409	63
372	51
213	25
439	101
450	86
480	82
470	94
389	71
282	37
230	19
349	77
396	95
458	101
447	82
421	92
396	81
456	117
478	107
480	113
381	81
442	89
240	48
368	99
240	8
258	23
289	34
244	17
428	80
445	82
414	87
324	44
335	60
374	59
413	90
271	42
474	110
221	32
492	111
406	87
390	98
313	51
361	53
220	21
204	18
399	108
291	61
466	85
217	25
345	77
233	29
464	115
272	28
414	64
493	121
322	62
288	30
429	89
391	72
386	76
416	84
411	107
371	66
482	104
333	55
309	55
314	42
421	93
388	57
376	40
439	82
321	67
498	149
469	92
390	79
434	86
329	45
448	98
258	31
339	66
234	35
447	108
447	77
472	112
250	50
494	110
313	16
278	41
219	12
245	31
412	81
396	76
436	88
323	63
370	60
360	68
276	38
238	19
253	36
467	97
468	126
381	79
280	37
249	44
273	51
264	49
281	41
398	83
336	59
354	71
448	94
333	67
457	86
301	61
354	70
360	69
317	67
423	82
275	47
337	73
222	17
327	61
306	39
462	108
252	26
330	42
366	63
258	29
435	91
386	94
273	35
346	64
461	90
331	67
281	49
394	90
360	74
408	72
370	61
337	67
280	39
401	85
422	87
455	109
321	81
489	95
268	23
351	53
441	95
255	32
297	57
211	6
432	79
313	66
211	4
249	31
281	42
350	93
281	38
379	75
333	58
351	82
362	86
419	69
483	117
297	54
477	101
446	90
373	65
250	33
325	42
451	108
428	87
447	113
332	59
256	33
310	62
463	81
427	103
433	96
281	30
498	108
401	58
493	93
328	78
377	60
337	66
404	97
453	105
322	56
310	38
353	68
227	16
256	21
493	115
436	92
500	117
249	27
386	80
262	45
278	35
243	20
466	90
411	85
271	34
273	35
357	60
222	13
316	59
381	69
385	71
213	24
419	98
429	89
442	89
389	91
448	104
294	44
317	75
221	26
499	109
491	104
433	97
363	71
416	81
305	64
436	99
333	69
454	110
402	81
218	27
485	119
401	75
433	102
368	76
378	66
249	39
330	44
384	103
383	64
269	41
457	110
430	105
400	67
217	31
291	54
384	63
250	17
292	47
465	99
406	84
399	82
208	19
281	42
500	126
470	101
500	121
249	43
420	101
481	117
262	36
281	56
368	63
251	37
346	48
268	42
355	65
342	63
352	65
500	102
257	31
447	104
448	90
419	91
364	70
367	82
211	13
402	67
316	63
408	89
382	86
281	40
326	64
383	77
492	112
375	88
375	75
344	48
308	59
349	71
326	42
370	76
247	18
464	92
394	89
399	77
471	97
454	117
383	93
254	29
225	28
430	97
281	24
348	68
471	101
324	68
322	36
488	120
349	64
437	103
296	57
445	98
222	38
383	80
259	24
372	65
264	43
453	92
347	48
485	79
389	76
465	84
465	94
405	74
205	1
292	22
383	97
295	32
499	106
309	42
371	63
304	64
229	22
237	31
488	106
383	87
311	68
322	47
452	102
276	27
424	83
497	112
494	110
294	19
474	89
495	90
251	19
311	55
468	88
266	45
423	77
406	93
462	115
312	65
384	73
332	52
391	87
490	124
419	85
481	102
204	13
267	24
273	59
203	20
275	32
269	24
475	103
492	103
367	93
402	75
360	58
475	77
488	114
456	99
207	35
436	98
205	31
323	40
352	70
444	68
427	96
436	94
336	53
480	123
417	80
381	86
235	22
349	67
434	100
316	45
408	85
339	67
377	94
250	36
491	108
238	43
278	52
294	37
219	18
217	0
384	76
401	60
283	56
332	55
356	58
422	115
449	108
283	45
470	102
350	63
267	23
370	81
307	35
444	105
417	86
271	45
373	73
378	79
409	119
466	121
236	34
440	89
221	20
469	97
375	66
237	36
204	25
403	83
344	67
315	54
291	66
454	100
410	84
218	20
474	98
407	103
381	84
357	64
494	119
307	59
418	90
251	31
488	102
253	44
231	18
411	89
314	61
401	72
451	108
240	17
330	46
268	48
403	99
435	71
260	34
422	81
327	31
492	108
331	47
311	56
336	64
463	105
308	15
498	113
295	41
212	22
389	68
356	63
493	90
452	101
472	91
458	97
284	42
409	83
485	107
225	30
396	72
305	62
449	119
404	64
480	113
320	59
437	112
474	88
281	43
489	104
437	83
298	38
485	79
457	107
260	43
335	72
370	73
422	96
301	31
257	42
408	85
321	41
315	39
325	58
317	56
231	21
440	84
327	68
201	12
344	53
299	44
440	100
392	78
316	65
214	17
238	4
310	47
451	82
442	81
325	48
299	36
335	49
311	63
280	46
456	113
416	86
421	90
356	79
385	78
470	90
319	42
318	64
216	24
274	39
326	43
316	65
415	96
380	91
244	33
366	76
337	62
303	44
435	87
411	107
263	16
353	64
316	34
245	26
269	45
496	128
361	61
403	81
394	97
316	69
478	101
245	24
328	54
281	45
206	32
268	38
336	80
250	28
327	60
366	70
306	60
293	66
241	18
498	123
433	96
456	126
257	25
213	1
336	63
383	77
310	25
317	43
352	70
391	61
315	46
295	66
271	32
253	34
434	91
498	108
219	10
497	132
484	119
446	98
498	123
406	82
340	44
403	61
369	70
475	125
373	73
393	67
401	67
326	53
290	42
367	81
442	111
448	73
403	97
243	46
497	113
449	79
238	30
411	59
307	59
219	22
440	95
352	72
472	96
466	101
310	44
277	55
253	27
308	53
215	15
362	79
307	51
357	62
229	16
359	52
414	79
500	104
436	100
311	40
308	53
497	104
321	41
402	89
393	77
441	77
308	48
459	120
378	65
477	120
428	83
467	87
208	11
471	101
380	79
380	67
467	109
429	108
330	75
463	87
464	90
370	60
495	128
381	77
404	71
202	15
408	90
261	37
422	83
252	21
347	58
386	68
306	56
358	49
373	58
276	48
458	82
259	32
480	118
446	108
258	38
361	101
391	73
290	47
292	58
441	94
299	64
229	6
401	79
289	43
314	54
259	30
302	47
395	77
318	59
317	56
413	74
423	103
384	84
452	107
310	44
351	81
312	43
280	30
409	87
387	79
331	56
225	8
411	100
443	94
482	108
261	42
255	48
370	85
418	91
443	102
456	83
412	89
379	65
380	88
276	52
415	65
293	36
307	47
215	11
320	62
348	56
430	65
409	93
409	109
369	86
318	57
477	112
337	55
385	82
395	72
353	58
263	34
358	79
343	61
269	41
493	130
484	100
271	38
411	88
290	56
423	84
421	88
362	60
219	29
382	68
213	33
248	46
210	15
260	33
372	72
478	120
314	44
278	23
264	24
470	106
329	63
391	79
290	55
294	43
356	63
266	39
488	106
333	43
366	75
236	33
411	72
331	53
439	109
246	33
380	74
269	40
303	42
326	61
389	85
418	78
219	19
435	92
444	111
340	66
374	71
405	80
321	74
292	40
231	19
320	38
436	83
328	58
420	78
453	78
396	92
211	11
420	103
449	105
261	30
217	15
417	83
425	82
442	92
393	97
387	81
291	44
260	22
225	5
420	103
218	34
490	106
283	44
331	53
230	23
464	113
378	74
336	64
362	64
467	90
381	95
399	64
421	76
393	86
328	49
458	89
388	95
376	84
375	81
302	52
351	60
292	62
440	97
403	100
296	68
454	95
296	45
375	76
278	35
264	42
241	20
355	57
300	58
352	66
315	28
365	71
366	69
261	18
483	116
286	40
399	78
275	44
328	65
353	55
329	47
246	15
339	85
354	80
208	14
344	55
293	44
269	38
228	36
277	33
400	98
335	64
229	28
285	37
492	108
304	55
235	11
429	118
321	69
429	89
204	13
402	78
397	88
212	2
491	106
375	78
230	24
287	36
422	83
249	50
215	19
470	111
229	12
362	76
481	110
300	48
203	15
413	91
443	98
268	31
464	100
381	94
471	110
309	38
241	37
451	95
369	80
451	115
413	77
366	81
404	74
216	15
358	78
423	108
479	107
451	124
308	40
429	99
308	45
316	58
446	94
424	87
415	86
399	72
385	99
481	121
368	50
364	50
361	57
436	94
383	93
297	34
475	113
383	71
286	49
438	98
229	17
453	133
298	57
405	91
424	77
345	83
400	106
470	109
224	12
311	65
325	47
379	54
469	98
423	83
391	62
482	111
348	63
460	108
222	34
383	82
219	6
373	79
417	82
232	17
430	110
334	56
228	26
469	107
413	91
490	104
409	80
308	43
270	43
290	57
306	50
260	15
233	35
286	33
317	53
302	56
458	89
209	6
392	71
485	100
403	74
221	24
496	94
439	103
334	58
313	61
430	109
392	91
461	100
376	79
373	75
422	87
469	100
407	86
330	74
284	49
359	61
260	42
491	95
423	78
277	33
325	58
249	24
327	53
476	126
277	40
423	83
468	103
336	87
275	36
358	67
489	123
388	91
383	71
483	108
379	76
389	69
499	101
312	58
227	17
483	94
362	66
429	95
419	82
396	78
347	70
402	63
353	78
449	115
353	68
495	129
260	33
473	118
491	109
413	87
289	51
450	80
438	90
392	66
224	18
330	66
442	93
355	60
244	14
483	105
318	49
456	109
469	102
202	24
265	50
480	101
404	85
325	38
491	106
477	119
419	92
495	112
227	44
343	63
415	84
341	56
343	60
402	76
478	105
331	69
338	55
402	81
323	49
436	106
495	126
373	66
217	39
265	54
243	32
404	89
248	45
461	106
283	35
475	101
490	139
435	96
446	80
352	76
468	106
348	63
403	61
299	25
341	72
424	78
273	19
363	69
456	92
383	83
489	101
380	66
264	42
470	94
279	30
226	4
349	63
382	75
317	52
411	90
383	71
420	82
364	64
320	56
400	83
253	32
318	45
423	89
428	79
417	91
441	89
299	42
432	91
478	112
376	47
375	92
336	55
417	87
394	80
332	66
372	62
408	87
333	60
369	73
444	86
205	3
273	33
400	103
338	62
489	109
243	25
282	27
201	11
290	46
284	45
281	31
406	78
268	50
315	48
394	84
318	44
303	50
223	1
340	68
388	86
301	54
473	95
288	48
442	86
404	81
485	106
409	59
307	54
467	114
418	91
254	47
250	3
370	60
340	84
468	124
316	40
256	38
492	98
329	73
334	45
353	69
357	56
320	57
303	56
389	79
211	4
401	98
275	28
448	93
455	88
284	32
353	61
374	67
484	107
379	70
446	95
270	25
280	25
360	74
255	26
482	98
342	47
312	32
356	61
353	66
416	91
381	85
269	52
452	87
387	56
281	28
372	60
486	100
295	52
209	24
219	11
350	56
423	83
420	89
248	36
395	88
341	48
236	22
479	106
464	117
372	70
211	27
369	67
442	85
340	94
259	37
463	109
361	67
229	29
271	37
235	1
225	36
226	25
479	77
399	89
298	49
241	31
353	85
438	103
447	96
481	107
230	26
371	74
428	89
485	113
332	73
215	24
499	123
374	88
249	28
428	73
354	71
364	55
278	42
472	95
444	103
364	70
478	110
265	41
320	62
437	67
402	67
403	88
306	50
229	19
312	61
331	46
248	34
421	72
464	98
461	91
440	96
412	90
381	79
280	31
213	11
327	49
244	43
329	48
452	97
350	70
346	69
335	68
328	68
481	118
454	111
329	55
407	94
251	33
401	83
402	92
317	59
460	107
348	63
374	70
302	52
262	26
452	99
483	125
462	112
295	35
296	55
246	32
394	84
492	107
250	33
498	125
254	41
406	72
420	80
334	65
290	46
350	74
270	36
474	87
217	32
228	9
368	71
211	17
276	33
347	72
308	60
494	98
412	84
474	92
386	87
476	116
498	105
324	64
248	27
485	85
274	42
269	24
307	49
327	61
331	54
440	93
414	99
472	120
361	63
491	115
275	29
495	97
469	81
388	69
456	92
281	29
484	125
369	75
283	49
390	54
419	88
461	97
448	89
429	102
355	65
480	92
422	74
350	63
456	89
387	72
259	36
309	60
396	71
404	66
475	101
332	62
203	6
284	34
256	26
456	103
284	46
439	100
479	119
454	77
423	105
279	29
492	98
262	20
360	68
430	81
279	40
367	85
352	52
372	91
365	59
266	42
368	82
307	51
354	77
419	85
464	116
270	33
447	90
271	34
200	25
319	40
334	69
324	60
279	40
431	99
327	50
387	70
477	89
451	106
472	118
464	104
425	94
209	10
458	97
483	113
488	118
399	84
288	46
255	41
271	28
475	109
253	38
287	46
458	102
226	24
472	86
230	35
467	110
227	52
332	48
298	51
443	113
336	71
455	108
455	107
300	65
462	83
211	16
485	99
401	74
344	67
479	93
392	73
272	39
389	68
230	11
248	22
278	20
342	42
375	92
284	28
288	33
427	95
292	34
243	35
465	108
300	73
422	70
354	72
454	90
385	87
496	125
201	26
340	60
345	64
320	59
468	100
331	47
410	92
388	92
364	69
392	67
364	73
344	68
455	94
389	82
417	76
248	27
487	105
300	40
262	30
423	106
291	67
336	70
459	96
448	87
272	51
369	84
328	70
241	23
228	31
388	83
295	38
411	81
311	47
352	88
477	99
448	109
247	25
412	79
492	101
265	34
310	38
232	43
420	85
225	30
351	59
475	86
296	59
369	83
479	92
478	114
416	85
410	89
264	17
498	115
332	44
222	16
464	102
250	4
394	71
320	59
470	114
337	57
352	62
213	28
405	106
364	72
349	76
312	37
276	48
472	102
382	85
436	109
433	84
472	103
200	18
233	34
211	1
375	77
290	51
359	55
296	62
429	94
301	56
288	42
365	70
484	103
392	82
419	91
470	113
371	81
235	27
496	92
309	48
253	24
271	28
274	43
295	57
331	49
207	21
267	57
305	46
436	88
214	35
438	92
406	50
272	39
406	81
227	8
282	36
286	26
218	22
442	101
278	17
261	25
437	104
400	87
417	66
347	61
231	31
248	27
289	20
212	29
283	47
413	97
388	95
323	44
441	99
330	45
383	74
276	32
341	74
432	78
370	75
361	56
234	25
321	67
244	44
305	35
212	37
308	55
223	14
247	7
215	5
489	107
288	51
337	52
376	76
397	65
238	24
403	88
383	81
268	44
432	98
301	61
406	85
259	20
392	73
319	65
399	93
437	100
287	56
317	48
238	29
259	24
395	89
421	100
381	69
224	20
342	64
427	101
468	95
460	75
347	53
256	38
410	101
366	64
301	41
236	6
325	56
415	95
281	36
354	62
273	11
332	61
364	64
380	67
369	80
357	75
234	36
321	55
449	108
203	11
288	49
378	91
291	47
342	55
378	69
258	12
454	107
320	22
390	77
312	31
376	70
489	127
450	94
444	109
415	71
246	50
433	85
295	48
333	65
323	45
353	83
258	54
253	30
248	34
349	71
232	24
313	47
487	121
242	42
211	19
291	57
332	51
366	82
414	87
355	63
447	106
418	99
499	108
472	112
336	53
358	69
249	25
424	88
369	59
416	78
313	49
455	90
412	81
320	25
412	99
430	69
293	42
475	129
485	91
414	78
286	59
263	36
409	47
496	108
442	109
294	41
356	60
241	18
305	54
389	81
324	51
468	84
457	108
485	119
314	47
243	3
256	32
443	88
374	71
277	28
232	17
353	60
381	77
459	82
363	69
327	43
266	33
424	66
493	101
287	44
361	59
250	22
267	45
326	72
469	88
345	28
300	69
226	24
307	33
395	69
365	95
419	96
446	108
367	75
345	71
300	34
283	41
242	31
267	35
386	59
367	72
453	103
473	125
425	87
403	75
438	89
228	23
410	69
458	80
481	98
339	51
255	39
395	72
315	42
409	74
421	88
252	39
271	43
380	78
348	77
213	16
421	84
373	76
428	74
426	86
433	87
297	63
438	75
372	73
329	59
285	52
300	54
272	39
447	84
349	55
312	33
485	117
410	70
303	45
435	90
253	20
323	60
413	83
332	35
412	54
414	74
483	114
302	59
327	46
409	82
301	37
239	32
442	97
277	33
271	29
451	96
256	38
465	108
396	80
294	36
449	118
318	52
267	48
460	107
409	83
283	29
353	57
398	93
444	115
366	64
298	54
443	78
244	32
435	106
251	34
349	59
401	87
203	22
327	79
361	63
355	66
435	86
251	30
463	116
374	81
288	61
420	108
319	60
350	60
251	1
443	85
372	87
331	49
381	68
423	83
335	54
402	79
469	91
432	99
412	85
322	67
428	90
385	66
265	49
257	29
466	98
219	25
399	68
290	42
390	62
467	117
282	26
224	23
365	76
353	64
442	94
371	73
321	46
388	66
341	72
342	70
343	86
292	52
398	76
436	84
362	72
249	25
244	5
368	24
322	59
483	113
368	83
327	66
203	12
308	46
432	76
475	104
407	82
230	31
321	59
223	5
385	91
274	23
434	102
441	90
424	81
413	78
316	64
481	104
262	54
213	5
416	70
229	56
291	50
334	68
262	45
326	50
212	12
291	33
247	18
440	88
351	55
209	11
289	45
380	88
409	70
370	82
370	81
302	56
451	85
314	55
404	81
435	103
403	98
269	42
470	117
437	99
246	35
395	79
259	20
430	105
349	69
403	84
280	25
417	95
392	80
253	23
426	85
406	94
215	17
416	87
374	87
355	63
344	62
218	4
259	49
459	101
451	74
343	57
433	83
267	42
456	105
416	62
254	40
335	52
432	86
430	100
294	45
415	58
493	95
447	99
407	73
285	46
362	58
344	57
352	63
414	76
200	7
388	68
284	45
311	51
391	80
396	82
374	68
391	67
423	89
476	125
388	81
321	62
407	93
368	70
408	85
378	79
453	90
415	75
305	39
482	120
434	93
357	54
429	90
364	68
296	34
480	128
302	42
394	78
380	65
345	52
438	93
260	34
289	27
466	102
482	103
210	7
305	49
358	66
440	104
460	93
319	56
288	19
447	79
461	110
336	73
475	111
413	85
382	81
333	57
401	87
499	108
407	91
466	82
289	34
400	86
488	120
291	32
344	45
298	52
438	114
447	84
491	95
284	32
343	63
498	21
393	69
451	98
314	29
351	61
222	21
425	85
478	98
323	44
292	40
335	64
441	99
377	61
214	6
282	55
237	18
337	62
368	85
382	84
332	58
396	81
475	95
280	43
467	110
250	26
268	58
305	53
281	29
292	56
256	38
230	30
421	90
207	16
443	103
348	62
303	55
462	103
281	38
445	110
283	40
432	90
290	40
280	46
411	86
412	74
349	76
364	69
488	105
230	24
408	81
315	40
393	95
392	73
234	21
214	6
206	4
330	63
458	90
428	90
429	38
384	78
487	107
403	87
480	110
213	20
398	75
402	77
249	37
230	30
414	82
294	64
272	28
419	99
440	89
310	67
407	79
402	74
254	43
497	113
219	10
307	50
304	33
416	80
358	53
473	78
219	19
435	92
444	111
340	66
374	71
405	80
321	74
292	40
231	19
320	38
436	83
328	58
420	78
453	78
396	92
211	11
420	103
449	105
261	30
217	15
