328	69
488	62
298	31
297	38
267	43
224	46
387	36
298	94
459	74
398	67
318	30
483	82
430	0
430	65
402	63
324	33
282	59
231	55
218	0
472	0
472	39
349	98
375	0
375	62
234	64
451	62
323	78
292	65
292	0
292	24
474	117
377	62
260	30
388	84
454	154
362	19
319	79
323	0
323	68
433	144
389	45
395	140
308	78
413	94
255	9
361	0
361	32
333	28
448	0
206	0
257	0
257	4
267	4
397	57
436	49
393	93
211	0
494	0
494	121
381	50
286	111
304	0
304	77
253	66
418	60
466	148
316	66
259	23
364	38
410	55
463	149
332	0
332	56
453	76
485	178
404	58
444	70
427	0
427	139
494	183
466	53
362	35
289	49
296	24
343	0
343	18
399	0
399	106
498	127
429	48
382	37
278	24
214	26
277	33
313	27
323	0
323	36
230	50
426	28
225	21
415	109
355	37
402	50
327	61
402	98
208	40
448	55
337	111
302	0
302	46
259	21
479	82
244	17
414	61
330	49
447	60
321	73
450	155
369	78
273	0
435	0
435	147
467	45
324	45
324	106
408	49
419	131
477	149
429	0
429	89
432	106
314	38
306	48
487	113
338	116
328	15
361	105
467	0
467	106
259	72
305	20
474	176
308	78
367	80
316	30
469	71
215	6
477	74
486	49
426	0
426	41
327	15
394	61
283	7
488	0
488	128
242	6
307	19
493	121
393	50
458	201
471	0
471	149
275	77
464	70
278	65
321	70
266	28
384	42
433	61
406	122
287	0
287	42
389	0
389	128
489	0
489	80
365	80
367	121
389	136
254	0
498	0
498	132
395	0
345	0
345	18
233	0
233	25
312	62
400	25
206	0
270	0
270	47
343	59
216	5
479	66
374	40
243	54
245	0
245	27
347	75
320	32
453	66
455	101
267	43
346	125
494	71
268	71
487	0
487	110
445	59
259	0
259	18
361	53
481	0
481	69
287	61
318	99
466	106
399	47
452	0
452	152
500	46
448	76
258	83
405	49
358	0
358	97
230	0
331	0
331	69
280	0
280	30
247	34
323	107
426	35
422	129
381	55
326	68
283	80
372	45
469	176
320	95
295	52
381	48
287	0
287	20
413	53
441	0
332	0
332	20
406	31
286	0
286	7
448	0
448	116
248	6
381	0
381	83
422	51
298	119
423	0
423	129
426	123
335	34
428	129
234	43
297	43
349	38
295	0
295	85
224	0
224	22
448	76
494	184
430	0
430	64
224	16
299	79
371	128
406	25
306	0
306	62
307	29
500	0
500	81
238	0
238	37
277	0
277	3
351	0
351	39
381	86
277	33
399	39
454	0
454	64
429	154
487	0
487	139
428	109
259	30
319	35
281	0
281	54
460	188
457	58
395	143
488	74
229	31
399	53
449	73
309	0
309	10
338	50
367	41
259	56
379	129
323	61
394	47
451	32
235	50
476	45
464	77
386	142
232	0
418	0
418	130
254	0
354	0
354	77
204	0
202	0
202	12
445	153
469	35
417	129
494	0
494	116
389	125
355	23
486	189
292	78
480	116
224	9
372	42
386	42
411	53
407	0
295	0
295	11
441	40
286	0
286	7
420	47
429	108
401	37
434	0
434	104
480	63
386	153
384	0
384	115
496	140
435	64
222	41
295	63
276	36
460	55
295	29
445	137
224	0
224	22
341	0
341	106
414	60
201	10
217	16
267	60
259	90
352	17
352	33
250	40
312	29
451	0
451	71
405	0
405	106
461	112
414	48
412	0
412	62
496	137
317	51
283	25
280	0
280	8
314	94
478	0
478	137
350	75
293	32
305	0
305	39
225	21
405	158
413	55
373	135
390	53
377	66
449	59
442	73
398	67
365	0
365	58
359	39
485	128
291	90
299	57
490	0
490	44
329	89
281	0
281	37
353	126
318	0
318	78
299	66
393	0
393	75
350	75
232	0
232	30
380	76
450	153
202	0
202	18
343	47
450	99
458	151
363	23
396	140
302	78
422	100
286	20
410	53
347	25
418	0
353	0
210	0
405	0
405	31
350	0
350	45
246	0
246	38
310	14
323	20
352	80
370	44
449	190
478	0
478	156
313	84
423	60
477	152
265	50
358	66
395	45
296	29
342	101
334	17
422	83
478	79
449	164
458	73
248	12
385	84
372	121
306	109
249	0
382	0
382	82
437	65
421	0
258	0
476	0
476	131
377	87
312	10
434	0
434	72
460	130
430	90
386	36
204	0
459	0
459	166
435	0
435	124
268	0
268	30
288	26
372	74
423	105
347	0
347	36
478	180
469	74
495	110
332	33
329	32
408	72
499	0
499	92
398	0
398	103
260	68
427	93
335	0
335	17
216	45
450	0
450	76
486	178
429	0
429	132
340	94
289	0
289	24
301	67
326	0
326	52
335	63
244	69
293	0
293	73
376	55
400	86
209	45
265	12
458	167
454	165
449	102
226	9
462	68
243	19
497	74
348	0
369	0
369	29
339	15
496	91
487	0
487	63
304	53
300	14
411	59
481	119
275	24
353	146
245	0
245	49
263	67
380	43
487	153
396	108
438	88
367	38
403	55
459	144
393	23
479	103
273	0
273	64
306	0
306	26
263	32
255	53
280	105
422	27
485	63
492	132
489	83
283	0
283	2
474	32
395	106
436	105
244	0
453	0
453	72
438	112
210	14
251	11
401	55
344	36
485	183
271	0
271	36
230	27
433	52
437	63
372	74
358	84
418	165
425	55
310	94
286	28
244	31
457	65
385	55
352	55
482	79
281	46
498	72
241	51
273	76
275	44
391	0
391	30
288	78
357	31
249	28
380	139
284	0
284	49
384	118
389	0
389	71
325	69
432	0
432	75
219	17
228	65
389	0
389	108
404	55
417	87
395	129
395	52
413	152
405	148
294	48
478	79
495	0
495	71
349	37
223	0
496	0
496	61
221	0
479	89
344	45
362	0
362	72
254	10
448	64
259	36
307	31
389	154
284	0
284	62
490	140
384	46
345	93
495	142
417	86
247	17
334	37
300	85
455	37
345	60
355	35
314	98
278	0
278	21
452	0
452	150
325	119
298	5
304	27
302	61
487	75
441	0
441	69
477	32
341	83
350	78
306	0
447	0
447	72
359	81
246	18
312	27
399	0
399	54
317	101
374	21
492	143
380	94
461	55
279	26
394	0
394	89
319	109
286	9
283	78
334	0
334	56
395	51
435	68
451	90
362	0
362	58
393	48
238	51
499	178
239	32
461	57
216	0
216	45
486	46
346	55
331	115
458	62
436	136
338	94
362	0
362	46
254	43
338	54
281	30
452	95
387	135
369	19
308	79
316	19
234	27
300	83
378	45
454	0
454	165
384	91
460	79
239	0
239	12
408	53
497	49
465	0
465	50
312	14
452	78
497	86
217	0
217	15
256	10
290	0
290	44
431	52
481	205
462	0
462	149
321	89
414	60
277	65
418	121
441	88
471	55
369	41
431	131
373	0
373	74
420	74
481	175
310	0
310	26
228	22
439	147
414	144
473	56
336	0
336	69
430	61
417	0
417	35
455	32
492	137
213	0
375	0
375	7
366	43
381	86
241	14
456	48
434	0
434	61
220	43
494	0
494	143
353	75
479	59
257	25
281	0
281	54
348	125
263	6
335	111
447	70
498	110
424	57
378	46
471	91
407	61
361	58
404	0
404	105
391	143
379	0
379	46
439	0
439	147
475	45
401	72
436	161
486	0
486	151
214	41
288	0
288	24
389	83
422	72
427	75
458	99
377	135
435	0
435	133
441	69
320	68
465	152
319	0
319	95
218	53
462	104
454	79
480	71
264	19
447	64
319	0
385	0
385	29
383	29
409	61
437	75
430	0
430	108
477	0
477	73
299	60
428	0
428	179
232	0
232	49
457	128
335	34
341	93
239	44
395	76
303	26
368	0
368	112
420	0
420	83
484	79
397	133
430	64
463	80
336	70
307	85
227	77
371	17
286	0
286	49
328	40
334	0
334	18
282	0
282	55
428	100
433	48
218	0
438	0
438	112
410	82
460	48
486	0
486	80
358	113
417	28
472	133
248	39
411	44
337	40
288	36
457	120
307	95
311	20
269	75
436	61
305	46
391	46
411	55
466	0
466	77
344	52
330	33
450	122
357	114
434	94
488	63
376	0
376	106
363	0
363	62
232	62
433	0
433	132
500	163
261	0
437	0
437	106
404	72
231	30
210	17
223	64
361	19
414	126
468	74
370	79
449	149
461	61
431	155
479	183
222	34
246	9
499	73
378	32
369	41
265	0
444	0
444	46
370	22
463	80
255	0
425	0
425	108
378	32
429	59
377	83
404	51
475	201
203	0
203	30
398	118
289	28
494	159
382	104
362	66
495	61
412	0
412	122
371	0
371	73
489	0
489	183
264	0
264	16
252	32
275	63
276	105
395	25
446	0
446	102
412	57
265	0
203	0
448	0
448	123
434	105
497	71
249	0
249	14
376	85
392	72
234	8
226	0
398	0
398	135
361	0
361	86
445	83
486	148
236	86
306	84
234	24
351	63
372	75
208	0
208	52
382	59
439	109
366	0
366	42
340	39
443	102
364	62
450	54
425	47
267	79
275	37
352	64
401	113
245	0
477	0
477	110
263	0
263	66
338	37
492	65
500	138
354	31
477	117
467	70
398	0
398	159
395	15
259	68
260	8
366	41
331	81
484	76
280	67
279	0
279	56
496	72
403	111
491	0
373	0
373	63
485	175
296	73
287	79
294	0
423	0
423	141
392	51
306	8
359	18
461	178
345	0
345	39
318	0
318	46
495	56
212	0
439	0
439	118
224	0
224	16
332	34
389	37
273	0
273	11
420	0
420	131
463	167
465	114
361	120
278	30
391	101
459	52
467	0
467	73
331	41
415	132
435	0
435	87
382	35
271	79
216	40
331	0
331	83
304	42
202	10
312	109
429	65
378	0
378	48
389	0
389	131
425	47
422	41
480	108
455	104
416	81
287	25
259	0
259	62
261	73
340	17
381	33
380	0
380	40
458	64
453	48
343	0
343	100
305	86
372	117
481	73
394	146
266	27
454	151
471	37
241	19
381	0
438	0
438	78
472	160
296	0
296	46
434	105
370	136
322	0
322	32
342	53
261	0
488	0
488	86
424	40
256	26
272	60
347	53
439	88
394	42
264	26
208	1
456	135
328	81
470	97
408	0
408	31
303	46
473	168
300	0
335	0
335	113
401	138
435	0
435	92
392	40
313	47
475	80
270	0
270	64
444	63
364	43
474	205
270	47
300	6
272	43
205	0
210	0
495	0
495	93
488	0
488	136
219	41
476	81
381	0
381	124
496	69
367	68
498	39
236	50
380	79
343	58
304	104
224	0
224	35
348	64
423	109
334	19
437	47
354	0
354	90
338	83
318	59
255	0
255	21
375	66
210	37
375	52
422	0
422	38
443	103
319	0
319	87
422	149
415	0
415	68
305	0
212	0
315	0
315	106
380	0
380	70
426	0
426	129
247	63
334	90
314	105
343	102
439	0
439	79
466	0
466	67
439	39
409	43
308	25
220	0
456	0
456	51
380	0
380	137
236	48
242	0
242	59
352	11
224	0
256	0
337	0
337	90
375	19
473	149
346	0
346	64
359	0
359	36
473	0
473	114
455	83
228	0
228	55
335	78
351	68
377	36
484	111
274	0
279	0
279	45
204	0
204	14
305	0
305	76
492	0
492	172
429	58
317	42
288	28
237	41
255	47
387	48
366	94
475	0
475	54
397	0
397	25
457	158
487	71
454	0
454	67
379	126
281	83
493	0
416	0
416	131
412	0
412	29
320	74
450	110
399	57
235	42
230	26
225	22
452	37
367	0
367	33
315	15
223	53
279	34
274	18
331	0
331	69
478	154
450	92
371	118
311	99
282	21
212	10
350	0
350	65
312	0
312	99
476	0
476	105
373	143
439	31
412	53
435	0
435	80
279	88
288	0
288	53
489	173
488	80
412	0
412	83
386	37
498	85
369	50
430	144
307	34
482	0
482	82
385	43
409	93
442	105
314	54
305	66
427	0
427	30
274	55
424	45
419	0
419	59
385	62
469	44
378	79
403	50
370	39
346	67
431	35
263	0
485	0
485	118
410	48
257	46
477	146
469	104
297	81
225	0
225	33
360	0
360	53
297	101
309	44
344	0
344	101
440	136
243	59
391	131
457	71
395	62
261	32
480	0
480	89
262	49
276	0
276	73
228	0
330	0
463	0
463	57
477	52
317	32
417	116
406	84
436	116
418	53
427	101
451	0
451	102
308	23
225	0
286	0
286	74
331	20
292	20
249	26
468	64
385	123
284	17
495	164
326	43
358	0
358	48
368	18
341	55
339	36
428	163
241	43
364	63
309	96
490	0
490	64
220	0
235	0
470	0
470	46
483	159
401	129
500	218
298	86
206	26
232	14
280	53
359	38
495	173
498	82
466	180
349	74
260	46
395	127
281	63
324	59
328	0
328	45
404	35
442	25
399	0
399	149
343	0
343	52
420	43
259	10
390	0
390	137
303	52
498	162
421	52
278	68
224	52
394	47
253	37
244	11
343	0
343	102
325	51
498	74
267	0
267	12
235	0
245	0
245	20
294	48
293	79
398	0
398	59
331	100
487	0
487	172
338	0
461	0
461	70
313	101
214	0
498	0
498	78
431	53
339	0
339	16
354	13
373	78
374	0
374	37
247	0
247	51
493	113
381	16
357	77
498	94
367	84
431	0
431	75
441	88
273	20
434	50
250	0
250	38
248	39
330	26
395	47
403	53
493	120
258	0
258	24
401	0
401	122
341	14
324	35
376	46
446	66
367	24
219	49
402	53
470	68
403	0
403	2
277	17
257	58
493	51
224	0
442	0
442	62
354	53
497	0
497	63
469	152
475	121
266	0
266	17
214	0
214	12
355	50
235	0
235	41
249	40
484	174
494	0
494	70
341	103
307	94
328	19
436	0
436	55
362	79
480	0
480	95
277	26
370	72
208	0
208	10
349	72
492	0
492	84
299	0
299	23
441	94
375	0
375	74
323	0
263	0
238	0
488	0
488	119
489	93
391	96
426	138
217	38
345	134
339	44
283	32
404	38
472	121
293	83
484	150
364	0
250	0
250	63
414	57
345	61
499	0
499	112
323	37
414	44
358	110
304	14
486	73
459	164
279	34
276	0
276	69
347	36
451	72
322	97
332	23
442	155
355	44
451	60
426	28
326	28
453	80
396	16
229	39
433	70
251	14
455	52
308	63
230	0
230	24
341	59
459	58
456	177
414	0
414	84
488	0
488	112
327	52
379	0
379	83
384	81
495	48
437	77
434	0
434	59
427	0
427	56
246	13
205	41
424	127
351	64
335	29
362	0
311	0
311	14
491	48
262	22
317	29
207	43
457	51
473	57
478	0
478	160
484	155
252	44
284	0
284	34
361	57
476	171
255	54
483	69
479	75
288	0
288	43
323	67
400	0
400	52
316	92
381	0
228	0
481	0
481	191
255	56
250	32
441	91
473	23
377	60
468	0
468	160
447	152
285	14
308	90
371	0
371	98
411	28
309	0
309	0
397	113
276	0
276	62
222	26
275	25
469	115
497	177
318	15
460	37
309	62
212	39
448	0
448	84
356	75
299	51
416	140
389	83
382	137
348	25
371	75
481	91
422	120
414	74
381	0
381	86
220	0
220	42
323	63
364	62
300	44
399	0
399	34
465	76
438	33
459	154
207	0
207	2
311	57
414	0
414	50
335	0
203	0
203	15
343	0
343	99
350	31
495	52
500	88
485	88
479	53
323	37
222	6
425	57
435	45
293	0
486	0
486	214
306	58
259	0
257	0
417	0
417	50
367	49
242	61
237	53
441	39
489	0
489	89
350	71
365	20
293	0
293	29
363	0
363	75
267	0
267	25
385	91
224	36
334	7
455	142
448	36
321	69
369	49
294	5
384	36
308	47
490	0
490	79
274	16
307	0
399	0
399	47
490	181
224	0
461	0
461	43
418	182
372	122
393	155
493	61
460	0
460	37
484	113
441	0
395	0
395	102
430	140
205	17
458	86
473	133
294	56
371	118
404	43
280	41
354	0
354	151
330	27
470	126
289	37
386	43
432	38
452	98
345	25
349	63
413	84
358	126
493	126
330	41
387	45
474	13
350	39
395	81
312	57
208	12
341	50
249	0
249	28
204	37
378	101
442	43
337	27
488	141
366	0
366	63
329	67
409	114
439	135
329	24
295	75
404	111
391	137
376	28
459	154
412	0
412	146
476	0
476	161
322	7
219	0
219	30
346	0
346	79
240	0
222	0
479	0
479	42
437	0
437	94
442	37
478	38
337	114
260	20
338	38
220	0
375	0
394	0
394	61
230	28
323	0
323	40
251	30
468	170
260	0
260	32
277	31
398	67
337	131
500	162
484	182
439	106
245	61
256	19
281	0
281	15
473	97
478	65
424	63
470	82
314	59
383	74
366	34
478	102
414	0
414	59
334	104
356	48
357	80
490	169
318	0
318	26
332	78
456	0
456	170
396	92
329	0
329	111
239	0
330	0
330	20
461	78
292	27
377	111
431	49
326	20
363	14
361	19
291	28
445	106
448	98
286	0
286	28
334	0
334	25
261	0
322	0
322	54
310	81
421	98
366	59
408	133
333	21
353	0
353	76
475	120
271	0
271	5
351	42
450	56
271	32
389	32
245	19
236	0
328	0
328	103
283	44
405	45
423	45
382	123
296	19
303	0
303	21
362	126
290	88
400	0
400	117
414	0
414	68
293	0
293	36
309	32
259	0
259	19
294	34
490	0
490	115
491	50
357	0
251	0
251	10
280	82
284	0
284	17
357	54
463	119
319	56
494	109
341	0
341	58
422	129
397	0
397	85
231	0
231	21
363	105
251	46
228	7
280	65
339	0
339	46
488	113
241	62
496	64
268	0
268	30
385	114
358	61
443	30
325	0
325	94
436	60
382	103
410	139
215	0
300	0
300	65
220	51
357	44
296	51
423	59
270	29
418	49
311	0
311	64
446	105
364	77
339	0
279	0
312	0
444	0
444	45
397	51
376	81
479	71
469	153
341	30
354	0
354	22
350	78
393	75
232	25
382	0
382	48
388	50
431	59
383	0
383	122
425	75
378	80
490	0
490	88
492	121
493	109
403	120
459	93
458	77
313	0
313	93
391	80
261	30
426	65
368	33
320	0
320	28
335	27
356	31
280	0
280	41
419	96
364	99
249	18
307	0
307	73
369	25
377	108
411	46
439	106
426	62
234	31
447	87
381	54
237	16
307	89
499	163
216	26
202	0
230	0
302	0
302	39
265	1
279	0
279	57
201	22
304	56
381	50
318	24
415	105
244	1
456	137
323	27
321	121
447	175
322	0
322	108
263	51
245	11
326	36
413	129
206	36
362	61
342	55
362	83
315	66
307	58
430	105
461	133
218	0
218	25
362	0
362	73
401	54
266	62
307	0
307	24
453	100
322	4
468	154
323	60
440	0
440	73
302	56
486	115
486	67
376	27
469	167
300	26
443	159
255	13
479	50
206	0
208	0
208	16
239	0
430	0
430	94
451	135
433	61
316	57
320	99
443	52
325	42
295	0
295	35
497	80
469	0
469	167
458	35
291	0
291	64
375	63
361	36
366	18
305	50
427	51
412	0
412	152
371	0
371	58
494	72
336	50
217	18
285	69
408	33
411	90
339	0
339	114
361	66
307	57
454	80
399	120
212	0
411	0
411	70
277	21
492	105
437	0
437	52
462	48
363	39
483	143
250	42
359	0
444	0
444	86
435	104
399	0
399	133
417	0
417	128
337	114
273	12
378	0
378	85
404	39
317	47
437	80
361	67
489	146
462	64
348	0
348	79
334	52
229	39
419	149
465	48
339	12
327	59
434	84
489	0
272	0
272	20
366	0
366	83
494	175
237	0
237	49
384	42
468	80
458	158
351	126
415	67
431	96
309	14
473	83
403	33
354	71
398	82
373	107
298	35
213	0
213	10
258	53
419	0
419	106
219	4
245	0
254	0
254	34
484	52
258	49
294	42
431	122
492	107
344	0
344	91
438	145
446	28
494	70
399	52
267	24
274	61
317	75
237	63
339	6
373	19
386	74
278	32
445	92
366	12
317	61
384	63
480	98
444	61
469	97
342	74
482	30
300	0
300	57
472	0
472	109
283	0
283	67
406	63
278	0
278	84
240	0
488	0
488	209
362	98
492	90
303	0
303	27
252	9
241	37
322	0
322	31
423	126
216	0
301	0
301	74
218	46
443	54
428	143
414	186
352	34
388	88
343	60
494	133
479	37
482	77
420	0
420	17
371	43
217	0
429	0
429	67
417	0
417	38
333	19
394	57
390	54
286	39
390	86
243	13
377	84
305	0
233	0
233	30
448	112
286	26
403	91
237	79
236	0
206	0
206	27
363	0
363	93
491	64
480	138
453	72
261	35
374	19
238	0
335	0
335	80
451	0
451	37
452	132
391	74
242	0
242	35
231	0
201	0
201	9
464	0
464	58
375	38
465	99
468	79
491	83
439	83
269	61
328	85
236	33
392	52
222	8
468	72
300	39
437	76
281	24
428	0
428	37
424	148
437	86
205	0
347	0
347	112
450	67
431	96
374	95
358	43
249	44
403	33
396	64
438	112
483	67
477	126
400	60
439	115
330	36
307	0
307	22
319	36
347	115
445	88
301	28
236	44
296	49
375	0
375	48
451	181
254	0
254	51
466	0
466	55
312	58
472	183
475	55
340	27
265	0
265	9
370	34
490	197
359	58
488	160
453	29
370	46
488	38
493	64
460	169
342	0
342	32
473	116
418	116
413	0
301	0
301	23
444	106
435	38
480	78
496	89
399	55
470	116
301	47
397	93
395	62
241	56
396	0
396	145
320	35
492	0
492	175
433	43
370	0
370	20
292	42
300	11
369	45
464	35
296	0
296	25
429	67
279	0
279	35
206	0
206	36
369	34
303	99
219	4
366	56
362	0
362	84
446	68
223	27
387	85
239	2
496	56
405	31
256	52
434	84
331	23
442	0
442	144
297	87
390	48
205	0
261	0
291	0
291	26
318	33
329	59
375	73
286	90
413	0
235	0
240	0
240	22
334	37
427	57
366	43
333	38
481	69
461	33
448	119
222	46
337	112
217	0
293	0
229	0
389	0
389	40
273	39
275	43
487	0
405	0
405	75
410	85
313	71
290	33
352	58
446	0
446	121
213	0
213	13
499	98
400	52
368	81
363	43
336	83
361	86
462	67
382	0
382	89
414	0
414	87
201	47
204	19
499	79
235	34
298	67
241	15
339	84
309	41
496	161
451	96
397	0
397	116
357	46
473	48
455	59
239	0
356	0
356	104
261	0
261	55
361	0
353	0
353	109
375	42
432	88
244	32
209	0
470	0
470	63
417	0
417	109
408	137
374	51
374	87
487	39
380	131
216	21
369	0
369	81
403	0
403	98
480	0
480	159
298	23
259	0
259	24
436	84
427	69
358	40
375	0
375	70
311	0
311	52
495	168
462	58
491	116
316	10
366	16
321	92
473	102
284	37
375	85
499	132
334	41
348	0
203	0
400	0
400	108
416	0
416	35
495	130
279	21
397	54
495	159
382	0
382	65
368	153
455	54
369	30
317	0
317	85
256	82
416	59
329	69
346	0
346	63
471	185
406	36
477	0
477	98
411	0
411	75
493	106
491	65
211	39
489	80
288	28
281	0
260	0
260	37
285	32
226	0
261	0
261	30
498	96
216	24
217	36
414	58
363	50
417	28
271	0
271	17
354	113
473	108
401	90
455	0
455	103
426	77
247	40
365	35
389	35
269	25
325	0
325	40
323	25
407	115
261	29
266	32
452	65
481	46
383	43
300	0
231	0
383	0
383	14
292	59
291	37
220	32
236	48
366	44
417	0
417	99
494	61
348	102
439	128
376	0
376	55
478	56
436	78
277	20
341	0
378	0
378	39
469	185
464	0
464	163
428	83
265	25
478	58
367	38
307	17
350	108
482	104
337	0
337	129
298	49
326	29
256	0
256	35
256	0
256	34
494	108
366	20
473	195
430	156
467	68
496	0
496	153
423	64
268	0
235	0
499	0
499	186
400	0
400	44
264	0
304	0
265	0
323	0
323	95
337	14
407	42
233	56
323	35
323	0
323	52
383	116
398	0
398	63
384	78
454	5
454	123
286	88
450	73
401	121
393	47
474	0
474	99
293	47
372	55
312	107
361	59
383	53
398	0
398	120
226	0
263	0
263	51
406	94
453	70
489	95
321	97
349	25
301	49
422	73
429	0
429	110
268	0
223	0
438	0
493	0
493	60
482	58
245	74
470	190
241	32
487	185
263	0
345	0
345	5
329	0
329	9
350	0
350	64
461	102
238	23
360	30
413	70
222	0
222	11
247	34
347	109
362	0
362	52
406	49
345	67
412	0
412	20
476	86
406	142
397	58
459	73
465	127
439	0
439	48
458	53
417	85
357	57
473	0
473	57
363	0
363	65
414	26
370	118
340	78
361	117
472	0
445	93
484	123
437	86
470	65
304	55
264	44
406	36
301	38
358	0
358	78
386	0
386	128
341	105
439	61
215	22
336	0
336	64
497	0
497	82
426	57
497	56
330	0
330	45
401	50
273	0
273	84
499	0
499	127
499	0
499	42
386	70
492	210
301	0
301	45
241	0
241	42
464	50
405	97
474	68
349	104
392	75
299	27
379	23
452	65
342	94
305	0
299	5
293	34
420	0
420	26
295	0
295	76
288	12
272	14
405	72
371	113
205	47
452	28
275	33
239	26
226	22
352	21
328	33
424	94
364	0
364	64
382	55
320	68
409	54
442	0
442	116
313	46
420	0
420	127
335	20
219	0
251	0
288	0
288	17
230	0
328	0
328	34
283	41
439	96
377	14
431	65
350	52
475	63
354	51
309	29
462	0
462	151
252	49
203	0
203	6
334	72
357	46
377	0
377	91
369	0
369	33
461	0
461	152
295	42
373	40
491	17
479	0
479	111
349	35
321	10
336	0
336	32
242	0
356	0
356	94
285	17
490	72
486	98
227	0
438	0
438	150
279	56
320	110
440	159
408	82
413	0
413	123
298	53
388	47
446	0
446	65
228	74
458	72
447	49
231	9
371	18
454	61
264	17
280	11
492	0
492	174
414	73
429	81
256	48
458	0
458	60
435	23
385	0
385	121
455	70
388	0
388	75
230	43
410	26
339	17
321	0
482	0
482	57
464	172
224	14
384	69
367	53
416	38
487	145
500	0
500	70
311	32
251	0
442	0
442	132
309	33
215	0
375	0
375	113
261	38
389	87
481	88
477	0
477	49
292	14
256	38
424	54
393	153
380	88
420	0
420	139
304	80
476	37
386	13
275	0
275	32
409	82
368	0
368	36
345	34
429	59
453	67
467	0
467	70
402	74
467	66
339	33
297	40
481	163
215	0
416	0
416	69
417	88
427	92
325	53
466	50
338	35
361	0
361	42
219	15
409	138
225	73
310	60
303	62
268	0
360	0
360	105
424	144
249	0
431	0
431	87
445	43
201	0
268	0
268	62
338	32
445	0
445	44
287	57
224	0
224	33
333	74
376	104
343	28
277	0
277	36
423	0
423	88
264	0
264	12
320	25
495	162
278	0
278	8
440	136
476	0
476	154
236	23
214	0
214	29
295	75
403	121
436	194
209	20
400	52
216	0
375	0
375	47
457	142
342	25
224	0
224	61
259	23
444	0
444	45
455	156
287	114
248	0
248	9
460	68
333	81
341	34
441	155
303	0
303	46
435	0
435	79
245	81
284	35
355	120
444	0
444	43
335	53
448	31
490	81
345	0
345	39
443	18
307	0
307	64
318	0
318	48
435	85
377	100
456	77
367	0
367	96
475	0
475	63
281	0
387	0
387	61
471	42
402	0
402	45
376	0
376	99
481	103
487	83
296	54
423	3
381	36
205	20
476	84
349	37
425	125
411	0
411	58
234	0
251	0
251	15
201	0
235	0
235	84
474	74
257	13
410	40
324	0
324	24
490	126
345	0
345	49
306	14
363	0
363	72
201	43
303	27
461	0
461	109
452	48
424	100
348	0
348	93
318	0
318	65
449	0
449	83
500	99
420	108
205	0
279	0
277	0
277	45
369	72
253	23
336	37
300	75
256	40
388	0
388	44
284	32
435	57
442	160
293	73
402	26
391	71
386	36
300	0
300	97
306	36
345	27
403	33
240	41
318	0
318	39
411	64
495	0
495	110
393	67
321	0
267	0
267	72
431	10
327	0
327	20
248	0
348	0
348	72
372	52
358	109
480	116
423	161
257	66
487	145
374	114
390	102
384	0
384	52
281	24
396	152
422	46
326	58
324	0
324	84
426	93
497	85
332	30
329	0
329	105
406	59
295	0
295	80
219	0
340	0
340	61
442	82
426	62
469	83
311	70
423	63
435	55
356	64
379	68
460	88
478	60
377	49
292	18
457	146
412	148
387	99
445	0
445	161
350	99
319	41
273	33
321	107
259	16
422	48
427	61
458	21
500	172
450	100
335	92
493	49
340	51
233	0
233	13
328	102
438	38
397	53
418	54
236	17
229	49
434	43
483	68
403	137
214	46
350	40
483	0
483	70
348	33
273	58
352	60
410	0
410	55
473	72
295	0
295	51
350	62
432	59
398	65
492	66
418	68
215	0
471	0
471	157
271	66
237	0
435	0
435	148
490	76
343	0
478	0
478	83
311	51
417	168
479	52
394	0
394	105
415	138
385	61
500	109
242	79
307	0
307	73
277	57
269	26
443	95
239	25
344	41
414	84
205	14
498	112
449	75
426	46
282	7
450	60
281	87
367	36
210	11
223	28
288	34
435	138
362	64
422	0
422	109
454	49
483	107
301	0
301	89
328	104
402	90
452	0
439	0
439	47
310	42
497	0
497	73
215	0
251	0
251	50
416	58
337	92
357	45
330	41
254	76
269	0
340	0
340	52
473	0
473	106
286	0
207	0
207	33
339	101
328	31
298	61
382	44
425	0
425	143
256	14
442	0
442	52
228	58
280	84
298	47
247	0
263	0
263	32
332	0
332	74
434	60
271	24
385	88
270	41
491	82
368	114
440	63
228	0
269	0
269	35
211	0
251	0
251	57
298	65
475	30
399	93
427	147
374	116
416	123
254	40
347	0
347	35
307	53
203	14
307	71
489	77
394	48
481	0
481	147
408	86
487	160
488	70
376	49
318	58
490	65
374	0
374	136
385	0
361	0
361	76
422	47
387	73
402	0
402	66
466	0
466	35
284	0
284	23
490	67
458	62
396	105
412	0
412	127
476	0
476	98
380	48
448	82
213	42
327	0
327	64
219	0
443	0
443	52
477	0
477	125
298	26
268	41
495	0
495	41
474	90
495	203
431	85
277	44
482	152
337	0
337	69
412	0
412	69
404	0
404	65
469	72
226	17
357	41
389	55
499	75
402	0
238	0
238	24
310	53
422	87
271	17
496	120
236	29
380	87
228	0
228	18
466	106
465	98
397	95
371	45
458	178
400	0
400	71
389	0
389	47
445	147
254	0
254	46
376	92
478	166
430	55
458	0
458	177
285	58
354	55
500	68
397	130
285	0
285	19
374	100
250	0
353	0
353	32
291	49
427	119
249	43
374	61
394	114
381	133
374	95
334	0
334	65
332	74
437	79
292	62
434	122
459	145
448	62
326	27
440	49
208	0
471	0
471	66
431	64
262	8
360	104
391	49
302	0
302	56
473	0
473	96
450	57
367	51
456	64
327	103
288	0
288	50
405	34
343	74
404	38
318	34
353	49
436	149
431	0
431	129
500	78
468	119
249	0
296	0
343	0
343	52
436	0
436	53
379	65
431	75
484	159
370	109
329	21
373	69
497	77
370	89
476	68
439	113
323	0
400	0
369	0
369	107
323	37
305	53
212	0
325	0
325	51
394	47
404	0
404	54
467	0
467	170
380	0
380	85
232	65
486	64
389	136
364	129
291	48
407	0
407	44
383	76
374	47
410	39
245	0
245	15
352	21
316	97
465	97
279	33
359	73
294	39
313	36
450	73
480	47
294	62
364	0
364	45
428	0
428	44
437	45
441	60
301	0
301	21
475	107
422	51
373	131
359	39
218	38
207	0
207	5
380	0
380	91
500	62
368	41
283	0
283	36
497	0
497	88
445	99
475	124
231	0
231	47
300	106
280	56
493	82
254	54
201	26
405	0
405	78
499	93
390	36
472	63
382	70
327	48
260	0
260	70
410	0
410	55
308	0
308	18
233	0
366	0
366	28
428	66
342	38
254	68
387	0
387	35
220	31
471	66
312	50
370	0
370	118
411	54
437	0
437	44
388	42
355	0
355	14
368	111
493	61
451	0
451	155
369	68
469	125
351	103
240	8
322	26
497	67
432	0
432	46
339	0
339	51
247	15
485	82
331	0
331	63
442	34
310	0
474	0
474	59
383	0
383	29
354	55
491	64
393	54
367	39
237	23
257	0
257	16
444	179
414	0
414	109
476	0
476	94
451	114
426	65
261	0
261	58
386	20
268	0
268	39
398	47
261	58
344	0
344	38
328	13
370	33
255	5
234	36
382	117
372	0
372	65
435	53
431	0
440	0
440	68
389	92
416	65
357	33
464	63
402	0
402	86
289	0
217	0
290	0
290	79
453	126
448	97
461	111
414	0
414	38
262	79
279	9
230	41
270	0
270	42
492	0
492	63
365	0
365	118
453	67
418	0
418	32
371	27
279	36
450	0
450	154
334	38
207	0
368	0
368	42
330	91
395	0
395	48
444	158
271	48
451	76
323	0
323	37
341	30
347	48
339	80
446	81
488	91
308	77
225	5
219	45
308	0
308	68
319	34
405	75
326	129
256	24
247	41
467	165
496	77
298	105
458	53
235	0
227	0
291	0
461	0
461	78
336	32
493	74
473	86
475	0
475	137
411	29
477	0
477	70
298	117
347	28
365	38
446	116
413	0
413	55
393	87
433	130
452	81
401	50
335	43
366	57
358	81
339	71
387	69
261	70
318	58
408	43
399	0
399	83
364	99
492	73
491	154
426	68
328	42
336	0
336	23
414	0
414	34
433	61
412	44
293	0
293	6
406	52
273	0
211	0
245	0
245	14
317	62
352	15
232	22
393	37
419	62
459	165
430	0
430	82
257	58
434	111
433	105
491	139
360	35
361	44
374	22
255	26
434	27
476	79
313	46
369	130
492	171
306	108
341	26
334	0
334	29
283	13
500	131
350	36
264	37
349	36
421	81
391	61
445	59
395	0
327	0
327	38
442	0
442	59
374	83
218	9
307	17
411	43
410	75
368	63
449	15
414	121
241	33
231	0
231	1
270	49
464	0
464	151
404	0
404	118
418	141
324	45
301	42
484	124
451	103
344	22
383	51
435	101
270	7
420	70
247	48
340	27
496	117
374	147
394	0
394	126
335	0
335	33
308	42
317	35
387	64
251	0
251	31
244	35
469	80
281	46
466	142
456	60
425	0
425	47
397	96
374	71
339	0
339	65
308	55
398	105
352	42
458	42
247	0
247	45
303	0
303	32
476	130
302	0
302	4
420	146
216	30
463	90
381	96
423	41
363	0
455	0
455	40
417	81
497	190
289	90
480	87
334	9
269	0
269	62
476	100
210	7
429	0
429	149
209	0
382	0
382	81
484	96
427	154
312	38
312	30
352	22
253	18
386	36
476	0
476	78
304	32
295	33
478	130
446	126
395	59
461	0
461	52
432	95
430	0
430	7
442	137
421	0
421	37
339	44
214	22
420	106
467	84
372	106
480	0
480	88
268	47
438	143
487	97
371	0
229	0
229	67
397	34
432	44
361	132
263	28
363	56
461	0
461	168
460	88
452	58
276	31
387	119
333	28
200	36
355	0
355	86
473	117
318	125
422	43
482	64
268	45
447	64
368	0
368	70
304	49
404	22
277	15
380	0
380	46
424	45
365	49
283	79
456	101
467	0
467	34
327	29
393	96
226	0
226	1
483	169
460	44
398	75
238	16
276	2
206	53
262	65
328	0
433	0
433	101
405	0
405	133
315	0
315	87
435	89
257	29
468	53
467	101
260	61
265	0
265	63
500	92
348	82
221	0
347	0
347	101
452	42
320	70
448	66
351	24
415	0
415	90
462	76
291	68
320	24
230	23
200	0
256	0
256	71
408	67
223	0
380	0
380	23
333	0
333	3
410	92
453	148
398	55
389	14
337	0
337	59
317	0
317	48
423	139
334	20
410	0
410	92
485	93
390	0
482	0
482	65
301	48
303	0
303	23
359	96
276	0
329	0
329	13
229	22
406	61
202	0
280	0
280	9
467	86
261	62
402	0
402	39
428	75
454	73
382	34
450	124
232	0
232	18
258	62
366	34
357	0
357	70
424	0
424	119
303	32
238	36
438	0
438	99
467	154
261	0
370	0
370	62
295	0
295	53
394	50
471	130
451	0
451	59
491	84
436	26
359	51
269	22
478	77
394	60
240	0
240	27
238	0
238	35
316	45
480	117
222	0
495	0
495	80
275	16
461	73
480	90
359	50
270	6
289	17
308	21
354	55
500	72
412	104
375	23
361	0
361	20
274	12
363	43
428	0
428	50
293	18
381	127
480	80
334	28
259	23
300	42
257	13
430	134
462	43
238	20
441	46
357	40
348	96
411	93
329	59
357	84
306	44
329	31
252	59
404	0
404	65
332	45
323	86
478	48
274	0
274	30
201	10
285	0
285	42
358	49
359	58
482	198
283	26
353	0
353	112
330	25
288	18
207	32
330	28
215	25
207	45
389	0
389	56
413	70
395	99
269	60
313	16
426	0
426	154
362	34
469	70
243	0
243	26
213	5
426	193
204	0
476	0
476	123
389	77
249	0
268	0
384	0
384	72
278	0
459	0
459	100
205	7
255	66
342	26
247	0
247	46
202	0
431	0
431	79
225	22
465	92
479	54
481	115
366	48
467	124
390	37
302	78
416	26
348	24
430	0
404	0
404	39
344	43
326	84
441	16
267	0
267	90
350	87
321	0
321	27
483	195
263	47
278	92
413	0
413	63
354	12
412	38
412	39
382	50
331	106
492	0
492	36
411	117
460	0
487	0
487	39
287	69
438	57
425	13
282	0
282	48
496	54
257	74
395	44
475	54
302	44
404	15
274	0
274	26
323	0
426	0
426	76
464	68
446	0
446	133
342	43
493	0
493	178
378	125
463	100
484	27
450	72
397	57
368	89
440	93
300	0
359	0
359	30
270	50
415	59
362	0
362	75
482	155
209	6
345	144
438	0
438	153
249	36
500	122
310	88
234	0
236	0
432	0
432	31
470	125
336	37
423	29
407	148
273	96
418	0
418	39
412	137
358	17
464	28
471	76
268	72
321	53
329	32
467	38
284	19
455	0
455	135
381	57
263	38
306	12
484	0
484	176
377	96
294	82
277	79
425	45
373	0
373	64
433	100
264	48
490	68
266	42
434	31
289	0
289	86
394	45
334	62
348	47
301	0
301	61
306	65
279	39
470	184
351	50
307	31
337	54
472	41
442	107
238	18
333	46
368	101
469	89
404	32
497	57
465	54
376	0
376	70
470	0
407	0
499	0
499	100
315	0
315	96
372	58
320	0
320	80
274	24
390	142
392	0
392	68
351	83
342	0
202	0
248	0
331	0
331	57
336	0
336	32
227	30
271	33
383	0
383	69
467	103
315	0
238	0
238	21
419	160
367	62
474	79
498	77
202	20
291	33
252	78
448	64
477	86
490	166
319	75
215	29
488	118
226	0
226	81
376	26
430	42
257	17
242	19
355	0
355	50
460	67
206	16
391	52
382	43
263	7
367	97
438	105
447	34
374	110
432	130
269	0
269	25
321	78
325	34
239	93
440	44
500	1
415	41
480	61
429	42
484	50
223	10
383	0
383	93
486	167
405	166
223	26
361	18
419	87
350	33
282	99
437	64
367	108
483	121
398	155
426	34
475	75
454	0
454	28
276	14
211	0
211	37
454	34
299	93
234	0
234	5
495	105
351	61
201	5
392	29
317	25
417	41
330	18
481	78
309	30
338	0
338	55
218	37
392	54
284	53
494	84
365	106
295	18
417	142
369	0
369	70
430	95
481	61
430	103
341	55
362	0
362	19
481	23
435	0
435	45
283	36
500	42
373	32
239	22
397	99
298	19
342	94
441	45
454	143
335	83
371	63
298	68
466	106
334	0
334	37
368	0
368	45
412	54
368	0
368	82
340	25
351	0
351	47
247	0
247	69
210	33
426	59
242	20
391	58
378	129
474	59
300	63
498	173
372	66
487	91
496	60
343	0
343	64
419	104
491	192
276	58
359	26
347	15
473	0
473	61
456	52
476	104
418	0
418	109
254	37
495	87
450	77
461	0
461	65
364	0
364	109
360	0
360	147
296	81
355	91
306	37
398	11
229	23
337	61
278	66
448	161
375	47
402	64
405	119
344	90
261	67
420	48
218	0
218	16
443	46
478	15
454	95
372	20
242	21
301	19
375	75
352	130
253	28
418	63
434	91
316	0
316	66
404	52
214	45
441	61
377	85
469	0
469	58
412	88
313	0
380	0
380	131
493	52
290	0
290	8
338	0
338	59
406	45
445	82
436	94
373	0
373	49
426	167
314	50
290	51
246	28
406	52
437	6
276	39
402	122
401	0
401	127
331	65
428	0
428	63
473	105
338	63
285	91
234	32
227	54
487	0
487	121
434	105
213	0
455	0
455	96
398	53
201	0
219	0
219	12
252	60
217	47
452	164
394	48
258	26
433	119
260	48
337	0
337	53
388	0
388	75
253	11
359	0
359	107
485	74
345	47
367	40
453	15
402	129
451	82
316	49
376	77
294	0
246	0
246	32
279	20
408	94
247	0
296	0
296	93
373	35
258	67
262	0
424	0
424	31
427	103
492	162
378	72
261	14
453	0
453	108
374	78
296	86
316	29
294	60
427	42
298	37
407	27
467	94
327	52
383	122
330	81
477	81
454	47
293	64
457	0
457	74
379	127
363	46
403	86
488	214
209	0
209	30
298	0
406	0
406	56
230	13
210	0
456	0
456	168
365	11
272	13
268	27
367	47
332	0
332	23
381	117
314	86
385	0
385	56
407	42
444	144
418	112
223	11
404	45
237	31
497	77
268	0
268	3
289	25
456	72
422	86
292	35
472	46
223	22
340	64
403	152
362	19
307	18
431	77
464	47
400	0
400	33
292	0
292	83
310	27
389	0
389	95
361	116
348	0
348	70
254	10
414	66
302	26
339	48
297	25
266	78
451	91
474	0
474	48
299	0
359	0
359	40
254	24
393	0
393	63
497	145
306	24
313	54
439	78
399	27
210	29
491	65
365	39
406	81
498	0
498	70
445	140
338	71
472	74
313	21
236	61
237	31
497	98
294	11
472	46
285	0
360	0
360	24
388	36
434	71
399	0
399	119
451	0
451	98
275	64
487	103
384	0
384	46
449	121
215	0
269	0
263	0
263	38
387	30
260	12
260	59
317	0
317	25
446	64
456	112
489	73
425	24
249	11
332	106
383	0
383	81
235	6
420	86
497	72
391	40
468	54
343	0
343	94
338	0
338	90
205	0
357	0
357	93
359	97
431	146
324	0
324	35
434	27
247	0
290	0
290	85
301	86
252	49
315	19
340	91
459	90
484	117
439	139
462	91
474	169
481	110
351	47
264	0
418	0
418	131
422	0
422	141
345	62
393	60
412	0
412	61
362	70
478	0
478	111
301	0
301	25
489	0
489	215
376	57
308	26
373	44
311	75
361	103
261	47
283	0
283	32
480	0
480	99
400	44
471	52
426	173
466	51
281	0
281	24
326	57
387	85
466	56
316	30
445	40
459	141
462	41
275	0
214	0
214	20
348	71
311	114
397	0
397	100
483	51
428	48
453	142
434	0
434	47
252	31
489	79
337	0
337	49
496	118
483	139
448	43
262	10
248	21
363	87
292	57
322	59
423	0
423	47
371	0
371	37
276	55
378	24
394	140
262	12
236	12
411	64
466	69
346	78
489	0
489	50
263	43
301	0
301	6
407	31
263	73
399	83
370	79
432	0
432	148
329	40
379	42
490	78
322	0
322	66
232	42
486	0
486	159
225	0
225	16
279	38
386	119
498	47
321	0
321	32
352	0
352	71
393	39
330	101
492	68
422	0
422	151
244	0
244	55
346	25
408	94
463	116
319	63
396	0
396	40
467	125
264	0
233	0
284	0
220	0
220	36
315	0
362	0
362	32
404	81
335	53
371	32
452	40
396	0
396	87
318	30
334	143
231	34
327	104
284	19
242	0
355	0
355	75
417	0
417	5
405	140
218	0
206	0
440	0
440	60
405	0
405	113
395	41
299	51
304	73
338	22
331	25
485	84
496	0
496	106
285	0
285	19
334	67
321	0
321	83
329	0
329	56
265	75
414	126
355	91
305	94
478	0
478	149
306	7
494	0
494	179
275	25
390	76
359	34
280	0
280	25
404	147
360	52
440	157
397	66
358	0
358	98
220	10
479	0
479	166
239	53
314	70
434	22
417	61
488	58
335	58
388	45
475	0
475	122
227	15
313	0
313	82
303	37
366	55
459	0
459	76
403	24
481	59
317	70
404	88
404	53
382	76
333	5
375	50
264	43
268	14
287	26
352	109
309	78
341	0
341	132
352	49
369	81
395	24
491	50
273	27
227	0
386	0
386	108
413	59
419	77
472	0
472	129
396	0
396	132
368	69
238	61
473	0
473	78
257	0
206	0
477	0
477	96
234	43
405	0
405	60
453	79
460	0
460	25
466	65
500	175
399	108
278	0
278	18
369	68
477	57
458	62
463	0
463	68
371	60
329	26
355	59
333	42
419	92
324	46
454	50
477	64
489	68
409	0
409	61
227	28
426	64
343	37
246	20
297	7
395	51
367	27
473	0
473	85
250	74
250	13
406	98
459	0
459	141
268	0
268	9
309	97
463	0
463	76
283	0
283	68
406	51
385	87
363	104
477	180
355	0
355	103
296	81
483	0
483	61
468	39
437	0
437	75
473	71
406	0
406	33
315	54
307	90
309	87
301	75
392	56
280	73
353	54
243	41
465	0
465	34
346	0
281	0
250	0
250	27
267	43
287	27
386	0
386	81
400	0
400	86
391	21
382	140
225	0
268	0
325	0
325	58
349	29
258	31
460	11
237	5
209	0
444	0
444	55
356	0
356	105
280	23
363	0
363	71
283	16
447	83
435	110
322	80
483	0
483	48
481	49
299	113
343	61
297	71
317	38
340	0
340	14
258	0
317	0
317	27
248	0
248	13
254	0
260	0
454	0
454	58
408	0
408	87
459	157
415	0
415	51
456	36
500	0
500	165
415	67
309	37
259	0
463	0
463	145
316	0
316	41
396	68
476	99
282	13
352	30
216	0
385	0
385	58
488	0
488	52
323	53
455	0
455	96
271	0
271	41
429	30
364	44
413	80
319	97
459	191
447	59
314	20
261	52
409	59
419	0
419	141
352	32
260	44
228	0
228	18
425	0
425	144
377	37
360	0
473	0
473	74
376	92
452	63
487	67
259	50
279	24
481	22
300	71
290	0
290	37
252	61
388	81
429	37
229	26
373	0
209	0
480	0
480	119
399	74
255	0
255	29
364	0
364	48
356	105
307	0
307	90
351	31
405	21
423	0
423	121
332	35
445	107
272	11
344	0
344	37
318	0
318	66
439	157
473	0
473	64
243	14
440	0
440	54
435	62
423	91
445	16
486	48
234	42
359	66
213	36
255	39
471	0
471	86
279	0
343	0
343	26
406	124
454	171
394	81
443	66
223	0
223	39
350	48
271	19
327	0
327	24
318	27
348	39
300	98
278	51
270	36
444	45
352	46
275	74
330	67
467	139
396	48
468	50
387	37
402	61
339	60
217	45
390	103
260	0
260	18
302	0
302	33
201	0
288	0
288	59
357	52
208	0
208	33
347	47
494	58
225	65
369	51
374	60
419	77
270	18
312	0
312	53
303	61
379	44
492	205
326	0
326	96
259	69
230	53
475	114
454	70
372	0
233	0
240	0
240	15
380	63
333	37
203	47
256	8
220	73
233	22
260	7
462	0
462	83
276	67
473	0
473	51
463	37
493	74
461	56
461	63
324	33
351	98
282	44
346	0
346	104
492	67
482	106
370	0
370	50
427	0
427	125
304	71
388	0
388	73
323	62
401	90
362	33
394	58
431	173
425	46
403	74
442	162
317	45
247	62
314	0
477	0
477	37
499	180
356	0
356	28
404	54
411	0
411	57
333	26
447	100
356	42
259	0
259	5
412	42
445	0
445	130
459	0
459	118
345	111
391	0
391	31
427	101
476	177
456	0
456	106
441	0
214	0
214	37
207	0
374	0
374	110
412	134
217	19
341	43
320	39
381	38
497	0
497	51
364	115
262	30
426	105
384	71
296	0
296	21
277	37
291	39
481	83
441	83
402	46
303	18
380	63
362	102
341	71
497	69
473	147
429	149
356	8
487	190
431	0
431	63
473	0
473	63
238	36
370	50
398	49
398	21
345	25
477	127
259	42
321	59
444	105
218	47
388	59
214	0
214	1
381	83
496	112
454	100
481	0
481	79
425	78
493	0
493	71
440	113
293	34
467	0
467	47
445	153
295	39
324	58
393	126
440	60
431	150
325	58
345	78
305	86
293	0
293	51
337	35
357	7
408	56
266	10
431	54
316	41
244	0
500	0
500	110
289	22
386	79
291	91
363	85
451	20
253	0
499	0
428	0
428	57
316	17
287	0
287	69
407	91
486	173
366	30
354	125
228	21
497	124
471	0
471	77
365	0
365	86
414	59
330	39
256	4
321	97
359	17
484	191
363	30
452	102
387	0
387	32
488	79
481	122
409	104
459	29
461	0
461	152
471	40
405	52
226	26
416	0
416	48
486	168
342	67
457	54
357	0
357	55
410	105
488	0
488	53
415	50
468	134
491	125
442	64
312	0
386	0
386	62
471	96
360	38
376	91
448	97
480	0
480	177
269	25
459	46
439	84
407	40
376	108
206	27
413	150
428	53
365	60
366	34
387	0
387	40
406	34
322	67
395	0
395	132
460	0
460	154
428	60
368	27
484	86
460	39
428	0
428	51
416	96
438	0
438	50
498	162
383	79
379	0
379	47
415	112
406	120
350	40
398	0
398	27
434	0
434	50
310	35
233	0
233	18
330	31
283	51
387	146
251	27
343	0
380	0
380	72
398	72
470	0
470	119
363	0
363	41
414	18
421	165
360	52
241	53
336	26
412	37
258	24
474	51
379	91
447	112
340	34
456	139
233	24
272	15
457	154
343	0
343	32
353	0
298	0
298	26
415	140
372	0
372	57
306	32
318	21
479	27
380	0
380	65
245	0
345	0
345	35
250	12
353	115
408	112
383	0
383	28
343	77
349	71
471	0
471	65
490	0
490	118
343	44
423	75
225	0
344	0
344	95
330	36
252	41
431	145
266	51
243	66
439	70
426	58
500	0
500	185
217	0
347	0
347	90
376	38
439	184
430	41
476	121
469	57
352	31
387	0
387	31
462	89
409	81
398	54
216	2
451	61
270	0
407	0
407	26
335	80
214	40
328	64
484	88
269	40
387	32
456	157
481	44
482	94
343	33
437	73
207	0
271	0
271	20
444	101
398	64
485	93
218	0
218	36
359	41
237	0
370	0
370	143
374	122
390	119
494	0
494	174
230	59
426	151
287	54
236	0
236	31
372	23
229	46
485	0
485	115
330	56
269	0
225	0
270	0
270	25
253	33
234	71
401	111
229	0
229	34
232	0
494	0
494	109
312	28
333	27
467	0
467	68
450	17
450	74
247	46
333	39
421	171
394	34
461	117
413	56
441	97
445	125
342	75
326	123
419	0
419	142
406	0
406	63
252	0
314	0
314	115
474	75
222	0
222	25
309	0
360	0
360	113
356	0
318	0
318	18
345	0
345	52
395	48
481	104
479	66
343	18
372	126
420	160
391	43
424	82
428	153
413	56
414	46
493	203
330	31
231	0
225	0
364	0
364	17
262	0
262	30
335	24
241	33
280	99
227	0
227	56
298	13
422	104
295	15
388	0
464	0
464	81
415	130
262	0
262	84
405	35
334	34
420	0
420	60
269	16
424	61
460	153
413	55
336	63
274	85
286	38
232	34
414	34
497	59
316	27
460	109
256	5
500	0
500	205
328	21
229	0
243	0
292	0
302	0
302	41
216	53
424	40
316	36
472	87
258	0
207	0
246	0
258	0
385	0
385	23
499	64
379	72
445	68
290	0
439	0
439	43
239	11
436	48
373	57
319	96
246	0
246	15
376	76
477	217
498	109
307	0
307	42
309	55
303	49
371	78
324	74
318	0
318	24
237	52
283	82
332	49
490	0
490	65
239	0
239	71
350	45
476	149
324	86
306	56
426	69
364	39
411	53
468	153
389	1
459	161
443	47
483	71
303	106
322	97
348	0
348	33
484	0
484	170
201	8
439	74
436	131
269	38
408	70
445	57
269	0
269	38
356	118
496	72
240	0
475	0
475	106
362	19
216	0
489	0
489	152
466	161
307	39
460	153
425	0
425	136
255	0
215	0
215	26
436	0
436	74
478	110
488	180
321	0
299	0
299	100
268	65
426	57
342	0
203	0
203	8
324	33
371	35
449	55
323	35
204	0
447	0
447	112
240	8
282	27
483	68
338	112
436	38
360	117
356	23
397	41
264	0
264	21
425	0
425	142
244	31
236	0
397	0
397	27
419	129
352	82
448	122
279	19
262	35
470	161
488	119
482	0
482	137
245	50
237	59
216	19
413	0
413	76
367	0
367	32
453	155
350	66
315	60
422	60
223	0
223	17
264	47
322	29
385	60
372	0
372	112
491	0
491	156
440	104
470	172
371	146
440	0
440	117
215	0
215	19
373	6
359	125
388	0
363	0
363	53
376	0
376	29
435	0
435	65
347	0
480	0
480	117
491	213
364	25
300	0
300	23
493	70
374	44
484	28
417	56
322	15
453	50
460	0
460	69
354	32
483	200
320	26
294	26
341	67
243	0
243	14
462	0
462	38
377	58
287	86
452	176
331	49
455	107
494	85
445	64
268	48
345	68
392	0
392	42
257	40
500	96
473	0
473	133
328	64
495	165
230	40
312	36
335	0
335	94
445	75
466	0
466	64
433	59
397	99
433	31
323	55
429	57
456	52
397	55
319	24
358	0
358	128
459	111
202	32
495	70
294	77
413	33
302	21
389	41
365	117
364	113
299	94
461	56
296	87
409	77
296	0
296	63
417	0
417	153
486	178
459	68
313	0
313	50
287	0
287	29
484	0
484	52
493	28
309	22
489	82
375	43
267	18
311	58
306	0
306	73
408	15
276	4
315	40
234	46
449	144
280	0
280	73
390	132
499	114
304	0
304	16
240	0
313	0
313	27
256	62
271	66
444	45
298	90
414	0
414	56
450	65
460	173
460	0
460	69
464	79
461	53
393	40
416	0
416	53
224	52
456	46
241	0
437	0
437	53
453	90
472	102
402	56
229	0
229	58
444	62
248	0
248	20
354	42
500	117
475	57
428	0
428	147
321	0
321	68
387	41
244	0
316	0
271	0
271	28
349	60
290	0
290	70
435	75
380	45
411	91
487	110
386	53
345	0
345	96
265	74
414	81
333	28
367	39
405	39
335	102
476	159
275	49
251	31
412	70
292	42
462	120
373	77
306	38
437	0
437	102
415	83
354	0
354	44
366	0
366	34
270	23
335	0
335	91
498	118
492	173
490	0
490	79
246	39
267	9
456	42
484	14
284	24
400	0
400	116
438	0
438	167
380	0
380	54
313	16
383	0
383	39
343	27
483	99
373	34
479	72
431	0
431	138
200	39
260	0
207	0
293	0
404	0
404	70
316	95
459	162
254	0
254	49
385	85
268	75
228	0
353	0
353	89
500	183
242	0
242	60
417	82
494	152
201	46
435	51
350	21
398	87
496	75
498	142
440	80
385	13
488	0
488	51
374	40
336	115
218	0
208	0
208	19
441	80
252	45
368	66
442	73
452	34
457	0
457	73
370	133
384	55
489	181
380	21
378	67
471	99
258	30
249	13
469	153
336	119
204	0
301	0
301	18
273	6
448	161
451	64
409	96
478	133
272	0
272	31
362	0
362	6
312	0
312	31
310	42
490	0
490	64
480	64
297	81
432	0
432	97
313	32
254	0
254	8
449	33
480	45
465	0
465	102
451	61
301	23
370	75
278	53
228	0
359	0
359	91
387	0
387	141
363	119
455	142
324	57
462	43
440	134
373	70
304	31
444	97
467	65
393	165
459	0
482	0
482	36
290	28
275	6
467	175
493	100
318	21
253	59
478	63
353	0
374	0
374	64
468	108
301	12
447	57
378	71
443	55
299	27
239	37
410	0
410	69
310	59
490	184
468	54
487	115
411	57
285	26
341	119
469	130
364	112
458	63
367	51
367	0
367	32
452	91
385	95
465	53
462	56
426	86
283	45
244	17
405	36
362	65
454	61
429	0
429	74
310	12
398	43
500	0
500	47
345	0
252	0
252	38
382	31
381	97
467	51
423	61
288	27
389	0
389	61
449	96
429	154
317	0
317	39
460	46
202	0
424	0
424	132
325	0
240	0
208	0
227	0
270	0
270	22
335	0
335	68
244	31
221	25
398	79
296	80
365	38
310	114
484	112
378	29
402	44
366	53
345	97
204	30
431	76
347	105
420	92
465	92
421	84
377	89
247	16
267	19
448	0
448	66
301	0
301	46
492	85
345	61
387	0
387	141
401	23
408	0
408	68
380	35
488	0
488	69
232	25
342	50
490	0
490	30
349	110
490	141
357	81
496	105
294	9
289	69
355	74
273	6
473	151
402	67
216	0
216	24
293	74
456	0
456	77
312	39
449	176
432	52
445	83
347	103
321	55
447	44
226	2
202	0
225	0
432	0
432	194
487	149
481	61
372	42
299	26
288	32
435	79
442	99
401	126
261	50
442	37
312	97
432	94
265	24
331	71
428	39
494	90
242	0
242	42
221	0
221	17
439	108
275	0
275	36
446	105
382	42
281	0
281	9
435	89
393	114
328	15
473	0
473	73
337	21
355	8
471	0
471	178
491	199
413	155
382	38
253	37
420	48
479	157
433	0
433	18
342	104
352	0
352	29
316	86
256	38
487	55
425	0
425	64
371	50
405	0
405	73
260	22
246	14
322	66
427	15
279	15
200	1
276	21
306	49
432	52
362	31
296	45
478	135
257	0
415	0
415	43
286	28
409	45
459	70
361	0
361	111
272	26
217	19
241	0
388	0
388	96
455	109
286	13
295	72
238	0
375	0
375	57
369	49
329	18
391	0
391	91
211	0
385	0
385	114
241	13
293	51
466	139
236	0
456	44
493	0
493	78
371	57
323	36
499	166
414	26
395	56
370	52
431	99
217	17
478	50
240	0
240	60
341	0
341	84
493	79
328	41
290	83
453	72
459	0
459	46
485	0
252	0
252	30
423	0
423	59
405	106
402	0
402	116
472	55
311	101
434	130
222	12
291	76
387	46
245	12
413	47
396	146
424	56
233	0
233	19
208	40
368	0
368	47
294	32
373	38
210	0
324	0
401	0
401	56
420	58
352	0
352	34
378	30
475	0
475	97
307	9
279	35
438	63
454	62
327	0
327	85
452	94
251	28
332	26
369	69
243	12
244	24
387	33
301	28
356	5
362	44
384	73
241	0
241	28
322	31
409	135
492	158
318	24
324	27
287	0
245	0
245	63
468	91
387	55
351	78
294	19
297	76
470	98
252	25
349	38
416	24
437	98
446	0
446	137
430	0
430	50
297	0
297	26
367	123
338	0
338	11
262	0
262	63
447	0
447	73
415	102
479	0
479	134
471	64
300	71
283	95
467	70
207	9
455	44
337	0
239	0
239	7
307	45
409	112
343	139
428	134
493	56
252	0
491	0
491	92
441	84
313	20
420	46
218	0
366	0
366	42
401	62
374	45
369	149
363	0
363	29
428	16
295	105
353	0
353	34
218	19
389	128
357	35
275	0
275	49
465	0
465	101
401	106
336	41
405	69
353	78
368	67
218	12
370	53
413	0
413	96
395	53
277	0
277	76
365	0
365	49
369	45
425	0
425	113
347	42
349	83
485	99
353	78
372	41
307	0
307	65
303	44
429	109
447	0
447	42
432	56
218	9
229	0
295	0
295	37
472	80
344	33
321	0
321	71
485	137
282	98
436	147
475	17
323	63
480	112
301	56
436	0
436	37
316	51
406	36
377	61
370	104
473	67
401	54
243	17
388	0
388	47
436	56
427	0
427	45
336	27
386	48
225	45
296	21
392	81
307	55
210	20
397	0
350	0
350	46
454	0
454	159
474	163
423	0
423	41
331	0
331	20
456	159
367	25
367	64
343	9
258	49
377	52
475	0
475	26
324	33
237	33
479	0
479	46
360	31
236	0
236	47
395	92
442	106
335	25
463	124
414	71
268	9
339	0
339	49
338	94
405	57
495	47
258	31
399	0
399	46
289	0
289	19
468	0
468	141
455	184
211	4
335	68
423	74
365	101
333	0
333	84
308	75
498	106
303	33
290	86
235	35
372	49
218	0
313	0
213	0
213	21
332	45
469	78
435	0
435	102
402	91
395	62
327	20
260	40
393	29
374	92
212	0
358	0
358	68
387	35
420	62
284	0
284	14
477	150
293	23
415	139
249	0
220	0
251	0
401	0
401	80
362	0
362	122
349	0
349	55
495	0
495	97
406	85
230	54
458	0
458	47
245	53
313	92
395	38
373	76
475	0
475	73
493	120
464	152
247	5
349	35
251	69
313	2
446	81
380	0
380	50
438	0
438	57
209	0
209	20
307	79
275	44
491	78
311	32
321	83
323	0
323	114
233	0
340	0
340	36
208	0
440	0
440	56
324	87
395	121
343	20
409	0
409	99
350	30
345	76
323	110
309	0
229	0
229	55
271	20
489	205
323	0
323	21
272	0
272	92
291	61
221	55
410	39
424	55
408	0
408	31
399	0
399	67
485	158
485	39
487	65
357	77
310	77
263	46
383	44
284	36
270	19
498	84
441	94
477	62
444	112
486	0
486	107
451	152
323	0
323	42
281	86
203	50
473	48
280	0
280	47
246	23
402	22
380	35
226	21
492	78
429	104
375	15
381	89
398	94
428	73
260	34
413	100
291	19
201	0
201	19
353	110
250	49
426	93
256	30
415	106
490	55
393	110
339	20
407	40
302	70
213	49
475	76
346	18
262	42
226	35
410	55
431	136
390	0
390	135
344	35
499	200
456	63
362	130
405	111
279	47
442	82
489	175
469	60
271	75
259	0
357	0
357	55
241	0
241	49
364	122
324	99
428	134
315	40
458	113
277	0
277	28
496	68
400	46
316	0
316	54
330	0
483	0
483	188
246	45
234	63
429	69
425	0
425	91
412	63
345	0
345	18
364	27
268	38
312	51
468	0
468	152
483	120
382	74
374	45
338	103
313	39
443	110
408	0
471	0
471	197
400	58
446	52
467	0
467	163
350	86
364	0
364	52
454	0
454	52
365	0
365	76
478	36
378	0
378	52
430	25
252	0
252	26
319	68
347	111
437	137
316	0
316	23
493	116
384	150
453	153
412	76
387	73
486	164
356	37
333	66
410	0
410	120
459	150
269	41
455	0
455	172
426	99
330	0
330	57
284	44
485	220
488	127
451	0
451	48
395	126
379	0
379	38
450	0
450	149
285	24
339	66
324	35
293	0
386	0
386	36
406	40
426	0
426	60
404	0
404	58
232	0
232	13
237	0
407	0
407	72
227	0
245	0
245	27
462	43
469	61
381	67
493	0
493	33
258	0
258	54
435	96
458	56
227	21
491	65
437	67
383	39
280	71
406	93
384	5
484	178
214	0
214	19
345	71
490	78
433	78
400	93
416	94
294	14
348	133
242	68
361	0
361	24
448	81
425	127
429	0
429	130
481	98
312	47
345	43
455	0
455	153
218	32
274	0
431	0
431	140
445	0
487	0
487	92
307	42
254	92
223	17
455	91
341	34
295	22
243	0
243	75
445	68
321	31
311	52
264	49
408	83
461	0
461	64
409	154
326	14
225	0
225	29
226	0
329	0
329	20
285	0
285	42
430	136
379	45
381	139
487	85
276	26
357	48
211	0
420	0
219	0
452	0
452	82
470	82
341	40
365	56
232	0
232	52
418	78
340	103
418	58
394	59
314	37
406	0
406	56
328	0
289	0
289	47
327	36
368	66
396	107
311	0
311	111
337	47
308	26
341	41
417	54
256	62
384	51
224	34
482	51
471	133
422	0
422	151
322	52
353	0
353	9
476	83
448	142
483	112
496	123
445	0
237	34
323	40
418	0
418	129
390	13
283	57
217	0
217	12
426	162
460	103
258	15
471	84
352	0
352	94
370	48
284	0
284	25
430	122
321	0
321	78
407	42
448	58
476	81
253	0
253	11
342	0
342	43
316	72
417	0
417	86
278	0
308	0
472	0
472	164
431	156
389	54
439	79
452	66
437	101
218	22
310	109
355	105
202	0
207	0
278	0
278	0
267	41
437	35
442	112
397	42
498	8
378	0
378	72
394	34
402	134
257	0
381	0
381	132
391	94
315	0
246	0
246	23
318	0
318	53
308	66
235	0
235	49
402	62
310	61
387	0
387	52
379	55
323	32
428	61
203	0
341	0
341	43
359	29
468	88
262	70
360	37
448	53
333	85
441	73
484	74
437	69
239	7
403	13
484	51
358	31
255	51
306	32
347	83
258	0
258	43
491	0
491	78
478	188
407	55
350	11
416	135
441	54
483	62
457	34
255	0
255	57
395	0
395	90
223	11
451	102
423	72
300	8
445	0
445	136
487	170
462	176
350	108
338	22
204	17
286	79
341	41
484	96
279	16
377	44
459	110
285	65
262	7
366	26
320	59
418	59
362	0
362	130
431	43
226	26
323	99
294	0
338	0
338	39
324	15
440	156
231	0
217	0
228	0
228	33
479	34
301	0
301	54
213	12
365	115
283	29
469	52
377	57
487	156
392	65
442	0
442	87
384	39
341	67
445	43
295	78
397	59
459	96
293	19
294	53
396	53
237	45
498	76
251	0
424	0
424	95
487	52
224	0
384	0
384	85
391	0
391	34
292	0
292	60
357	76
261	42
459	0
459	91
301	47
254	79
482	66
236	30
266	0
266	17
352	41
213	0
453	0
453	37
434	67
359	39
298	0
264	0
264	7
211	0
437	0
249	0
337	0
337	98
268	98
275	7
317	32
359	78
272	34
421	157
491	71
441	131
393	32
482	0
482	123
311	32
242	35
438	0
438	57
291	28
406	48
381	136
452	32
233	39
260	12
362	98
327	32
258	0
258	44
314	0
383	0
383	91
378	34
332	30
325	35
361	9
277	0
277	20
267	31
317	28
328	131
239	64
367	0
367	46
331	0
306	0
306	26
372	116
318	56
492	92
342	36
356	24
461	70
463	99
256	26
289	56
250	54
470	139
471	0
471	161
250	0
250	38
361	111
316	25
470	135
221	50
228	30
305	0
334	0
334	79
307	35
323	102
292	61
289	65
306	71
423	49
295	8
490	0
490	192
394	46
493	0
493	61
446	138
319	103
457	74
202	0
484	0
484	68
352	46
378	0
378	149
365	70
428	38
255	85
279	74
483	154
373	117
340	126
493	40
485	143
325	79
461	48
496	46
445	53
213	0
213	33
415	0
415	81
472	73
256	26
405	0
405	154
227	27
350	68
252	53
265	0
265	42
451	63
350	53
500	0
500	99
476	82
332	57
271	0
385	0
385	51
478	0
478	175
368	19
354	49
324	13
454	62
495	0
495	116
346	0
239	0
239	37
397	116
457	69
477	66
358	82
462	67
311	29
413	112
444	102
247	0
228	0
228	17
497	158
411	49
389	63
385	50
213	38
272	62
381	29
286	53
461	169
465	103
347	0
347	79
285	39
459	62
399	51
390	133
467	165
362	103
273	30
453	55
277	90
452	76
372	34
490	111
484	92
345	0
345	71
302	0
423	0
423	137
322	98
327	0
337	0
337	28
352	0
352	19
430	141
315	68
408	62
420	107
328	128
233	31
243	54
326	0
277	0
277	7
361	37
398	0
398	47
486	0
486	141
292	0
231	0
273	0
273	50
477	63
246	11
459	109
404	0
404	86
267	80
333	55
261	0
261	60
459	56
356	39
458	78
483	0
483	112
300	0
300	37
396	52
291	0
291	47
388	0
216	0
302	0
302	104
273	0
273	18
426	0
426	69
235	10
325	55
475	140
290	49
461	40
300	0
300	45
477	60
488	202
290	34
309	55
385	0
385	82
484	34
471	120
469	187
261	0
294	0
367	0
401	0
401	55
365	125
457	77
453	0
453	38
427	92
400	67
445	47
272	63
331	25
366	22
237	38
495	88
364	49
424	82
216	0
350	0
350	100
312	33
386	106
259	17
418	88
458	121
307	45
403	51
412	46
450	36
262	81
433	99
249	0
249	22
497	57
281	82
374	100
348	29
350	109
418	41
289	91
465	25
259	62
473	108
488	118
261	0
439	0
439	108
454	0
454	78
311	52
280	0
280	28
266	76
420	53
483	0
483	139
333	80
202	0
214	0
294	0
294	71
494	194
318	0
318	23
466	50
346	77
262	0
216	0
216	3
438	0
438	54
497	81
205	52
404	0
404	39
439	146
201	20
262	0
262	24
400	74
273	86
406	60
248	54
360	0
360	41
341	88
236	15
438	106
314	0
314	95
312	4
399	40
395	0
395	51
444	158
274	0
274	80
453	0
453	157
341	36
474	181
478	0
478	116
404	133
306	63
369	27
248	22
412	0
412	48
349	0
495	0
495	75
385	39
406	98
238	62
321	25
364	51
247	0
247	15
207	47
386	132
423	59
353	0
499	0
499	111
481	0
481	172
258	0
258	51
500	67
393	67
333	23
255	32
287	79
301	1
460	113
465	114
317	93
451	87
435	156
424	53
428	90
414	53
310	29
404	72
327	58
278	76
396	50
447	94
366	8
205	0
384	0
384	82
495	127
497	79
335	127
425	0
425	148
451	147
319	119
218	60
401	132
293	27
348	105
436	70
274	0
454	0
454	103
325	0
325	35
469	58
349	0
349	115
293	0
293	11
301	89
241	0
241	54
460	0
460	101
234	0
234	26
491	120
460	0
460	88
269	77
360	35
332	30
296	32
392	26
489	91
339	40
394	74
378	0
487	0
487	58
328	59
289	0
289	49
345	85
481	69
466	116
330	31
313	0
313	37
436	0
436	86
420	57
247	0
247	38
307	121
291	0
291	75
321	33
374	70
253	0
379	0
379	92
399	118
275	29
260	70
472	56
264	0
264	38
355	0
355	122
333	0
333	87
466	0
466	175
432	108
279	0
279	75
441	0
441	106
493	42
411	0
411	88
295	0
295	8
458	45
339	16
356	111
393	0
393	40
434	58
281	5
384	45
461	58
200	32
466	57
401	96
389	19
445	117
330	13
456	0
456	78
420	63
241	11
367	0
367	106
433	158
415	0
415	76
257	22
409	51
371	51
419	69
484	186
422	56
260	32
398	0
398	70
485	109
395	149
227	56
338	30
405	87
436	143
301	46
347	35
398	42
495	71
498	208
386	8
368	3
354	112
341	102
322	29
353	21
384	33
436	140
310	18
475	61
422	90
472	63
497	155
382	34
498	130
460	53
267	0
267	39
413	31
350	28
411	28
267	22
295	0
295	2
421	0
421	160
382	105
449	149
345	81
364	133
318	2
448	0
448	98
332	13
426	122
330	60
486	67
249	57
482	71
436	108
445	57
425	127
434	76
312	0
422	0
422	123
440	133
236	20
459	0
459	107
447	0
447	78
433	53
494	0
494	140
428	0
428	67
362	104
398	33
291	0
323	0
323	47
410	0
410	93
232	0
289	0
347	0
347	97
351	0
448	0
448	59
253	0
222	0
222	12
260	0
321	117
421	49
240	60
356	36
486	48
289	41
399	69
334	0
334	41
232	5
273	15
357	57
286	6
418	138
355	0
355	42
277	40
457	172
289	1
227	0
227	9
320	20
500	201
240	0
321	0
311	0
311	77
268	0
254	0
254	21
424	81
465	27
485	133
379	0
379	73
202	15
396	97
426	0
426	39
224	45
361	48
327	0
327	66
343	118
496	48
467	55
353	31
323	12
340	0
340	19
319	0
319	28
250	67
370	119
435	59
347	5
436	139
374	32
391	28
263	61
407	0
407	123
257	0
388	0
388	119
400	0
400	102
333	39
257	82
421	56
447	145
476	65
480	73
233	0
345	0
345	106
456	100
487	60
330	32
435	75
353	149
493	75
236	14
495	158
407	78
474	112
433	39
274	19
305	74
319	28
440	138
326	37
417	74
430	144
479	104
330	68
216	22
386	0
386	154
374	74
215	33
340	71
223	22
420	54
362	0
362	65
447	57
388	29
291	73
417	98
281	81
243	6
416	90
208	9
464	56
467	51
455	155
315	69
207	38
412	32
374	30
272	22
205	0
339	0
339	53
360	99
437	53
354	80
500	80
339	0
244	0
457	0
457	64
294	0
294	33
339	115
316	50
322	112
379	137
462	125
411	0
411	67
432	117
422	94
475	108
449	99
408	32
307	46
315	61
430	75
336	26
365	0
365	27
284	28
451	63
389	100
500	105
434	40
416	56
472	93
318	42
342	0
342	107
309	27
462	153
350	14
256	35
264	4
265	43
385	95
383	94
469	160
248	15
491	73
333	34
350	39
285	51
378	46
307	0
307	87
423	0
423	52
427	53
412	10
335	44
476	147
292	79
269	21
206	0
435	0
435	28
420	58
287	28
301	32
464	63
333	0
333	47
437	44
495	67
235	23
341	68
286	71
481	60
356	48
424	101
356	102
267	53
371	40
402	76
349	0
349	11
284	88
422	53
290	6
351	60
440	36
266	64
211	15
469	50
280	0
307	0
307	38
390	42
422	0
422	137
387	0
387	66
419	48
317	34
299	16
473	64
471	138
310	0
310	81
309	96
337	36
260	6
301	32
424	0
424	55
483	99
296	53
456	153
305	119
384	145
370	0
370	63
214	0
214	10
494	149
489	183
392	0
392	39
392	57
357	21
360	55
282	44
464	69
422	40
287	51
429	51
484	45
338	34
417	166
298	91
448	82
260	63
491	63
488	0
488	108
310	0
310	19
403	24
454	92
474	132
415	0
415	112
323	32
415	121
293	41
468	67
479	66
368	119
445	80
287	27
358	18
484	85
353	0
353	49
236	0
208	0
208	41
280	0
257	0
486	0
486	145
207	19
345	38
450	104
278	0
278	57
455	97
347	44
467	0
467	98
277	0
277	49
428	0
428	100
225	28
262	0
422	0
422	34
275	14
499	169
424	12
436	56
446	53
312	38
430	0
430	54
474	68
497	69
344	75
294	80
222	0
222	43
472	57
359	33
332	114
419	29
336	19
479	79
296	26
329	34
258	0
258	52
466	70
317	0
317	38
245	7
374	74
244	0
244	4
342	48
312	28
442	0
442	51
217	11
213	0
450	0
450	28
479	189
331	113
254	42
492	141
368	55
298	34
416	99
378	50
488	58
242	0
242	2
420	0
420	138
406	67
395	44
424	27
386	70
430	0
430	46
278	0
324	0
324	39
453	166
458	0
458	102
494	0
494	54
415	86
497	36
371	121
203	2
312	0
312	47
355	39
373	69
493	75
359	32
408	66
320	90
209	19
352	31
354	37
438	50
500	81
441	0
441	189
262	0
262	14
265	11
289	84
274	21
455	34
338	8
366	0
366	83
364	116
259	38
350	32
337	0
337	31
318	60
316	62
322	0
322	102
291	26
369	62
331	0
331	37
233	0
494	0
494	43
237	0
237	24
209	0
209	32
303	40
410	61
422	52
371	0
371	36
248	36
421	0
421	31
431	0
431	110
275	33
427	153
469	0
469	146
488	70
424	138
222	7
500	96
431	53
449	60
228	30
368	60
314	65
472	129
393	118
257	17
481	36
450	124
463	155
216	38
412	39
432	0
432	65
265	34
291	16
242	6
440	69
402	148
419	0
460	0
460	95
419	81
496	69
261	23
452	0
452	184
441	154
484	92
438	0
438	183
406	128
285	34
301	16
482	33
237	49
266	0
266	47
241	19
273	0
273	56
457	63
404	115
363	34
203	0
450	0
450	43
397	48
355	0
355	133
373	35
370	0
453	0
453	52
436	57
470	26
347	0
347	25
297	77
282	7
435	32
266	61
404	132
387	82
421	73
303	0
380	0
380	36
434	120
491	122
494	82
203	0
203	15
485	68
282	0
299	0
299	72
249	0
207	0
335	0
335	70
471	118
450	72
252	0
252	35
285	47
392	0
392	155
397	83
435	0
435	62
326	29
342	63
409	0
409	25
271	36
331	46
361	54
333	64
281	26
280	21
306	35
468	0
468	43
271	48
321	23
453	96
489	60
317	100
305	76
453	92
422	157
494	85
275	5
451	0
451	53
402	55
240	0
237	0
237	64
371	41
310	47
344	61
332	50
471	0
471	67
496	52
476	71
286	48
407	72
396	130
267	64
345	75
423	52
309	0
309	61
424	32
449	0
449	169
483	80
326	31
251	1
494	0
494	81
405	88
305	18
243	0
322	0
322	146
274	20
272	0
272	79
233	0
233	17
327	61
374	127
301	64
387	57
238	14
291	0
379	0
317	0
317	24
335	40
407	0
407	151
237	2
413	44
405	0
405	64
355	0
355	69
475	193
422	82
228	7
211	35
295	26
387	137
317	36
265	27
246	0
246	52
418	0
418	43
374	0
374	120
365	22
483	75
317	0
372	0
372	132
472	37
395	41
484	60
215	31
232	0
232	29
245	58
316	56
204	46
294	28
211	0
233	0
477	0
477	72
207	38
215	38
330	41
480	108
209	0
340	0
340	31
286	0
373	0
373	46
323	71
399	91
399	23
209	16
464	0
464	66
428	66
375	58
353	110
306	114
432	62
232	29
285	0
285	25
209	11
405	60
472	37
333	32
352	43
214	0
421	0
421	133
478	0
478	75
469	107
410	88
493	72
379	107
314	0
333	0
333	11
357	36
428	31
286	48
391	0
391	81
448	38
485	46
313	0
313	6
225	9
463	89
471	0
471	122
491	0
491	88
345	126
304	0
265	0
314	0
208	0
269	0
269	75
225	0
225	47
444	124
293	23
245	24
273	0
273	40
366	28
406	38
404	0
404	47
441	128
346	74
379	0
379	36
241	26
457	0
313	0
313	31
306	80
322	83
218	35
497	126
371	157
300	79
294	28
247	0
238	0
238	55
356	72
303	0
303	100
449	42
455	0
455	112
360	20
375	0
375	47
299	2
300	82
340	84
495	116
270	0
270	54
385	52
254	0
377	0
377	65
452	121
269	46
385	67
339	61
347	72
269	58
482	87
430	88
476	73
430	69
369	0
369	76
298	63
434	104
456	0
456	103
494	33
293	0
462	0
308	0
308	55
356	108
275	63
370	31
297	0
385	0
385	91
426	77
313	0
313	23
479	37
484	58
358	100
355	114
288	58
466	39
289	0
289	19
261	76
341	30
395	76
411	56
470	55
262	67
243	0
243	30
257	20
289	31
486	64
491	120
447	77
280	14
455	76
376	99
415	20
299	34
452	70
336	0
336	51
298	1
327	37
481	39
372	65
436	184
210	8
467	84
258	0
258	18
419	86
257	51
237	0
237	44
332	0
332	20
421	0
421	52
287	39
338	25
338	52
244	42
457	58
424	51
275	0
275	0
353	0
353	45
469	152
439	90
224	33
239	9
483	0
483	122
310	83
332	56
404	51
377	70
436	63
464	66
387	65
404	81
247	23
370	46
257	94
288	46
223	0
211	0
211	9
286	0
286	98
423	41
442	69
415	0
415	47
271	28
421	0
428	0
428	53
308	0
308	89
242	52
342	55
471	113
320	9
443	63
484	75
453	64
479	70
417	53
398	78
263	0
263	34
471	76
423	41
310	46
289	27
446	101
403	74
387	49
322	81
483	29
369	44
359	50
367	50
335	36
375	26
222	0
222	4
220	20
420	70
447	189
396	71
353	73
459	153
284	6
430	49
330	34
371	127
326	71
277	60
486	102
446	0
446	69
241	34
325	26
402	95
370	55
305	50
299	26
246	0
276	0
490	0
416	0
416	49
359	35
323	62
499	160
248	57
498	157
405	72
333	0
250	0
388	0
388	95
387	133
481	34
309	0
309	37
414	95
352	45
292	0
292	62
469	114
339	0
339	36
247	0
314	0
314	77
384	59
483	0
483	81
419	0
419	191
352	49
353	105
263	44
337	85
460	71
409	73
348	114
235	0
463	0
463	56
235	45
211	10
356	48
330	35
326	33
278	27
408	87
442	0
442	33
254	49
396	52
356	38
256	0
272	0
240	0
388	0
388	76
290	0
290	35
427	70
230	7
480	111
455	63
467	91
379	1
476	61
360	69
418	0
418	56
214	0
449	0
449	102
420	37
346	115
374	16
425	51
424	142
381	55
496	87
291	13
467	195
479	76
444	75
311	60
398	25
368	70
441	179
249	42
480	128
423	98
285	0
285	12
319	75
330	91
433	132
436	0
436	19
265	51
268	34
438	68
400	97
499	84
476	47
201	40
470	98
243	0
244	0
244	76
373	0
373	42
284	77
449	160
466	146
341	53
311	0
388	0
388	34
303	0
303	21
376	90
391	130
307	30
232	0
306	0
354	0
354	117
425	60
204	40
328	120
380	83
470	187
448	110
379	52
334	44
285	64
419	58
231	64
464	118
327	0
327	47
406	0
406	47
306	0
422	0
422	65
478	0
478	32
406	47
253	43
490	117
329	0
329	77
400	29
270	49
429	59
293	46
486	105
324	0
324	93
214	0
214	20
455	88
421	49
241	59
376	79
479	67
437	80
232	16
360	141
213	2
204	19
279	0
279	24
423	38
372	48
451	72
467	96
335	41
494	59
232	49
389	82
259	34
437	0
437	104
261	22
457	0
457	68
270	80
359	42
218	30
432	70
282	40
439	53
383	88
305	0
305	88
269	26
407	0
407	75
416	49
373	119
429	27
497	59
485	52
237	16
478	73
476	45
402	16
462	166
359	90
244	0
244	29
270	21
424	47
480	70
466	0
466	31
257	64
297	45
309	61
299	68
495	98
254	16
358	0
358	48
407	0
407	149
236	13
324	90
311	75
366	9
304	86
407	58
435	89
375	79
458	69
375	70
366	0
366	124
444	65
293	64
239	0
205	0
296	0
296	19
363	26
352	36
376	30
418	149
395	87
278	0
278	104
361	0
361	122
429	103
382	56
348	57
263	68
317	48
448	137
222	0
222	22
342	46
367	0
367	84
332	0
332	48
406	116
248	75
294	11
272	65
232	10
359	90
369	0
369	56
491	0
491	191
376	0
376	48
479	47
410	0
410	77
229	0
229	62
496	159
223	64
310	86
350	87
380	14
372	23
252	10
403	85
443	0
443	170
481	169
403	51
351	38
275	33
468	55
289	0
289	6
344	34
311	5
212	41
321	49
438	45
383	52
413	140
391	0
391	48
416	48
489	0
489	98
455	64
272	46
384	84
361	74
500	0
500	136
381	124
466	34
302	38
427	145
242	32
330	0
330	34
293	100
365	48
386	128
473	99
240	17
277	18
421	0
421	46
232	23
366	88
363	25
252	19
238	36
484	76
396	96
413	23
432	50
205	18
478	0
478	124
287	70
419	78
471	58
470	116
436	156
277	22
237	0
391	0
391	84
482	51
438	63
474	66
336	0
336	58
251	0
251	21
246	0
464	0
464	83
337	0
337	86
417	0
255	0
255	28
463	73
293	9
456	140
241	47
294	55
224	46
324	0
324	38
394	87
386	62
270	29
264	71
378	0
378	45
274	12
379	0
379	127
281	0
281	52
421	136
291	45
404	147
337	43
433	102
452	96
386	119
209	6
255	30
374	98
420	0
420	74
213	16
271	17
498	0
498	64
290	1
336	63
319	19
228	0
350	0
350	37
402	52
241	15
423	0
423	59
349	63
344	96
334	95
266	0
383	0
383	53
244	43
239	40
374	92
425	71
310	0
310	79
314	41
329	0
329	4
371	0
371	78
449	0
449	45
242	0
395	0
395	53
402	42
418	33
267	30
256	21
331	63
468	38
398	53
394	0
394	72
465	156
324	28
267	35
258	21
434	46
254	46
305	57
370	42
489	0
489	82
282	38
211	4
322	0
322	47
308	0
308	96
257	34
461	0
481	0
481	9
295	95
358	78
391	58
464	0
464	149
214	2
349	8
229	0
229	9
429	79
408	51
337	120
383	0
383	90
224	0
364	0
364	112
368	59
200	55
467	50
462	103
287	25
494	0
494	134
417	22
422	60
216	0
216	0
478	0
478	133
454	116
479	59
205	52
494	0
494	67
442	52
380	50
476	104
286	27
388	57
244	48
441	52
365	28
363	73
309	0
309	68
331	71
384	125
349	76
419	40
383	38
246	0
326	0
326	37
297	33
385	0
385	64
325	18
352	24
456	102
358	0
358	119
328	25
266	39
343	34
278	45
352	0
352	73
314	28
419	122
470	117
328	0
328	110
346	83
252	22
327	25
281	20
402	146
387	0
387	47
256	0
222	0
222	40
499	70
371	73
422	87
489	0
489	210
374	63
394	24
489	0
489	68
498	50
296	53
352	114
222	0
467	0
467	130
249	31
421	64
313	61
397	46
296	38
451	0
451	60
307	45
383	55
453	51
420	0
420	23
355	40
357	110
205	0
293	0
293	72
494	0
494	70
370	36
246	4
386	28
258	71
455	93
497	71
289	38
356	0
356	55
381	0
381	72
418	151
378	0
378	69
217	28
264	37
383	0
383	116
223	18
463	41
496	0
496	60
328	34
272	87
482	0
342	0
477	0
477	162
415	138
378	5
361	49
445	155
208	36
422	56
366	20
246	56
439	140
448	106
430	84
432	58
344	31
391	48
468	17
333	96
306	0
497	0
497	199
286	103
273	60
328	65
289	0
289	69
290	30
400	54
396	0
396	89
310	96
398	164
229	21
395	35
348	45
287	0
287	37
336	33
307	0
307	62
342	63
280	37
444	95
395	71
351	0
351	35
421	63
333	0
333	72
328	23
356	61
302	14
373	81
489	0
489	108
385	55
471	67
303	30
286	0
327	0
327	18
356	0
356	26
414	42
480	52
312	8
403	55
383	45
358	58
449	0
449	109
215	0
423	0
423	139
212	0
212	33
489	0
489	52
459	164
219	26
447	0
447	122
447	71
426	75
377	106
470	0
470	82
312	104
367	137
431	32
350	33
228	45
290	0
290	70
232	42
457	0
457	58
352	0
352	20
494	61
448	111
450	0
450	66
410	0
410	87
236	28
332	0
332	63
433	0
433	134
351	47
430	59
385	54
352	43
364	45
314	13
478	72
350	54
384	41
463	0
463	161
255	0
312	0
312	17
246	28
370	85
487	48
266	0
266	21
461	42
373	51
478	91
305	42
450	45
306	0
422	0
422	87
442	0
442	168
411	76
215	0
229	0
254	0
254	31
381	47
287	50
303	11
269	36
496	69
405	0
405	113
485	95
332	72
454	50
297	25
483	208
352	108
313	40
330	0
269	0
442	0
442	64
498	0
498	165
231	63
358	51
293	99
296	38
361	30
410	84
312	57
422	154
231	0
231	24
489	65
375	91
457	122
451	75
247	15
484	53
419	91
475	123
224	0
224	30
445	149
322	91
239	14
363	21
342	58
248	55
250	2
331	35
423	147
422	74
345	0
345	19
387	0
387	45
348	83
373	33
288	49
281	0
388	0
388	40
318	34
446	0
446	162
231	15
374	14
422	0
422	58
252	38
479	78
483	122
405	50
277	0
470	0
470	60
480	174
440	32
421	129
467	76
456	191
234	0
331	0
331	34
423	80
348	65
434	157
449	0
449	52
275	58
314	0
314	53
400	0
400	40
381	87
247	0
211	0
402	0
402	152
402	80
338	137
467	95
448	98
291	32
355	28
355	0
355	107
221	0
288	0
461	0
461	136
350	0
350	27
422	53
435	119
431	123
485	118
284	0
497	0
462	0
462	57
359	0
359	78
485	169
270	0
270	34
356	149
353	42
308	14
357	130
321	74
316	24
461	78
412	0
412	57
392	0
392	42
332	35
245	81
393	134
392	0
392	91
268	45
373	102
417	59
480	17
469	79
264	21
481	70
356	77
461	139
410	105
255	67
463	30
326	0
326	33
489	61
231	44
453	143
204	0
226	0
226	12
446	0
446	102
241	0
241	18
472	176
445	0
445	48
494	0
494	143
328	0
328	36
441	66
251	7
477	0
477	76
426	85
355	146
472	0
472	96
470	0
470	74
201	15
321	17
279	0
306	0
306	42
430	117
488	85
315	61
231	0
431	0
431	76
479	79
255	19
326	103
406	40
338	23
313	0
313	50
392	0
392	86
435	0
435	62
408	52
308	0
308	84
492	81
310	94
411	50
459	35
333	130
362	85
296	51
266	38
339	110
420	116
373	79
467	0
467	98
434	0
434	99
442	46
212	27
476	0
476	103
451	0
451	43
396	72
240	21
454	137
284	50
238	16
228	18
264	40
447	90
265	88
482	0
482	72
424	73
401	64
312	21
428	0
428	88
366	47
401	47
387	50
237	0
243	0
360	0
360	48
496	210
482	169
366	0
366	17
263	45
448	73
467	0
467	81
297	70
488	145
325	9
493	192
442	89
374	122
290	90
267	63
382	27
367	0
242	0
242	42
309	72
315	1
219	53
200	44
289	38
451	106
330	41
390	65
242	17
224	9
351	97
429	53
414	0
414	125
276	41
252	74
307	55
265	33
392	104
403	47
264	66
314	61
236	0
236	4
418	48
437	7
470	96
323	123
403	116
456	55
467	0
467	67
287	32
472	193
277	85
484	71
430	63
200	0
456	0
456	176
332	0
332	69
499	104
418	0
418	105
452	64
422	0
422	55
328	98
477	59
451	0
451	130
261	28
244	0
244	6
361	0
361	43
359	25
254	29
466	0
466	178
390	31
215	37
483	161
276	17
322	0
322	50
392	79
229	8
404	127
407	62
355	131
380	96
295	75
466	65
457	85
413	66
364	39
207	0
226	0
392	0
465	0
465	108
285	66
435	0
435	58
436	66
410	107
449	68
409	84
443	97
476	0
476	171
442	44
484	44
393	73
410	27
268	75
363	68
340	113
466	110
346	49
480	0
480	112
201	0
477	0
477	59
251	0
463	0
463	40
399	0
399	43
295	47
365	110
445	69
233	0
233	44
477	119
444	56
395	0
395	54
422	0
422	51
238	3
215	0
215	18
319	59
295	18
286	31
343	63
266	39
302	0
302	34
289	11
356	0
356	118
484	72
360	137
452	76
334	101
319	61
389	120
426	38
228	0
228	17
481	0
481	42
349	97
314	0
314	14
394	110
303	97
255	11
360	99
471	0
471	167
272	56
200	0
235	0
494	0
494	54
241	11
354	0
354	61
262	0
262	65
334	8
480	80
292	18
239	1
443	150
297	23
409	21
381	95
254	0
254	41
360	73
458	60
215	12
406	90
252	24
375	68
228	55
382	51
269	16
392	53
370	84
437	85
340	12
320	0
320	36
247	89
359	159
346	107
456	112
387	141
355	47
429	66
452	141
449	90
439	133
328	49
435	74
277	43
322	94
263	82
463	61
420	92
437	63
441	30
464	57
206	0
367	0
367	122
291	72
457	85
485	0
485	111
374	61
496	138
250	12
493	107
239	46
466	0
466	78
315	53
304	0
304	22
465	63
434	91
323	34
393	9
345	63
427	39
442	73
432	0
432	127
465	125
208	0
210	0
433	0
433	104
416	51
305	27
442	0
442	143
327	83
424	99
391	0
296	0
296	79
440	99
491	0
491	128
219	0
239	0
239	56
454	101
440	51
340	64
390	55
370	39
322	59
231	20
436	87
297	0
297	29
344	40
417	155
441	96
450	68
415	144
418	70
327	60
242	68
444	78
333	0
333	66
383	36
423	71
232	11
497	74
423	0
423	106
349	90
417	150
242	0
321	0
392	0
392	99
436	140
481	60
273	0
340	0
353	0
353	49
491	87
407	100
285	49
454	58
292	0
292	72
463	176
269	39
490	22
236	36
224	0
224	11
476	31
414	61
394	113
232	2
330	40
484	57
330	39
397	57
240	19
440	0
440	48
239	45
238	0
423	0
423	91
286	0
286	34
380	56
260	66
280	23
382	63
411	41
475	10
487	180
282	17
425	55
362	38
367	79
310	50
444	133
490	171
313	0
313	60
300	61
436	50
349	135
347	40
483	124
359	0
359	114
461	53
345	68
322	51
428	46
321	100
486	0
486	88
414	74
369	67
446	33
246	54
207	0
207	57
476	139
379	47
358	32
416	57
287	62
370	0
370	57
236	33
271	51
414	0
414	64
383	0
383	114
458	84
269	48
445	112
482	88
251	25
371	0
371	112
448	61
330	32
494	106
423	38
442	0
442	104
455	109
236	34
493	194
268	42
383	43
430	153
306	19
474	75
396	45
492	77
471	39
210	0
310	0
310	27
405	75
348	0
348	70
454	98
263	20
468	172
426	135
440	0
440	54
299	53
464	0
464	55
381	70
348	93
278	76
297	41
442	80
278	0
278	45
255	86
499	0
499	118
403	65
412	95
352	103
457	0
457	63
240	17
386	80
271	0
271	80
277	0
463	0
463	58
348	0
348	61
457	0
457	103
276	18
375	78
365	67
413	0
413	3
234	0
220	0
227	0
248	0
248	59
363	120
418	35
204	11
443	175
483	110
343	0
343	101
406	51
406	97
241	0
241	7
444	46
340	31
213	0
391	0
391	45
498	65
461	170
406	18
476	149
477	49
228	0
228	18
403	47
369	62
291	20
281	25
374	0
374	77
232	26
403	0
403	80
432	95
275	41
395	83
406	48
273	9
405	122
261	10
428	65
496	0
496	108
477	73
493	132
262	0
262	40
419	128
240	28
405	0
359	0
359	101
272	77
444	59
448	169
463	69
477	65
454	174
339	32
446	166
208	0
208	7
467	107
339	2
377	44
422	0
422	51
312	0
312	86
217	0
398	0
398	113
219	0
283	0
283	46
327	50
394	85
291	43
405	64
387	0
387	38
406	109
444	0
444	120
340	32
288	64
488	172
434	61
454	44
394	82
377	56
200	1
281	67
443	52
226	14
369	122
353	29
445	148
353	104
469	114
278	8
278	10
352	39
307	0
307	35
395	0
395	55
369	110
397	20
331	61
300	8
463	86
451	114
345	76
498	138
362	44
221	0
215	0
402	0
402	80
345	120
219	38
372	76
396	159
498	94
224	48
355	125
212	0
411	0
411	62
293	2
417	82
238	55
303	21
421	134
230	0
493	0
493	90
452	159
320	26
302	87
436	161
418	137
256	21
478	136
486	0
486	154
286	10
268	32
355	107
321	40
288	84
223	31
431	96
273	82
240	0
406	0
406	75
287	84
439	178
355	73
298	99
486	76
499	0
499	68
269	0
269	62
326	82
363	79
309	0
309	33
294	48
376	124
496	59
339	16
339	16
387	27
359	44
313	103
302	20
321	0
321	57
297	0
497	0
497	91
316	0
316	36
302	42
236	45
399	57
307	0
307	46
372	59
308	74
326	55
314	0
314	60
364	75
403	85
478	48
341	105
440	111
498	86
291	24
427	99
299	64
348	24
354	56
307	0
307	17
292	43
258	0
258	6
435	96
475	178
321	28
232	49
420	96
337	26
419	63
250	48
377	0
377	29
491	57
452	60
352	113
352	69
368	110
363	33
235	58
450	51
427	30
333	104
465	95
430	89
304	24
353	63
229	28
324	115
286	39
468	37
321	69
280	0
280	33
280	56
475	0
475	100
489	57
497	81
433	30
396	68
230	0
230	40
355	56
416	0
416	54
458	44
311	53
288	0
288	41
495	79
383	85
296	20
203	0
203	22
324	13
359	132
483	64
340	66
278	57
201	0
204	0
326	0
340	0
340	106
358	53
358	0
358	82
384	36
394	65
251	21
233	46
433	30
342	60
369	0
369	142
411	76
291	13
223	0
282	0
261	0
261	35
495	75
319	1
298	35
347	49
396	118
435	140
367	79
280	75
369	0
369	115
467	125
389	116
375	99
318	43
208	43
433	0
433	198
218	0
429	0
429	70
229	0
229	38
433	36
347	44
291	45
228	57
250	19
475	111
378	120
491	61
270	0
270	33
228	8
439	104
399	46
425	0
425	98
467	74
290	76
478	58
431	96
412	110
200	0
492	0
492	81
326	63
454	125
284	25
362	65
348	77
314	35
301	52
438	108
434	0
434	42
246	0
377	0
416	0
416	53
444	59
450	101
469	64
490	150
280	34
318	60
366	19
470	101
444	149
382	93
272	15
210	0
210	7
419	41
401	133
315	49
406	49
231	52
452	79
469	69
417	144
446	117
316	77
228	0
228	24
353	56
370	49
367	72
477	83
480	154
215	44
254	29
284	69
242	60
273	19
343	33
380	44
282	47
303	0
303	40
468	165
443	136
284	18
457	35
285	81
323	71
290	0
365	0
365	105
388	44
425	76
314	0
314	83
454	51
377	81
240	23
365	78
444	0
444	46
283	27
309	66
488	0
488	53
253	0
253	23
312	73
298	0
298	56
293	0
293	64
381	82
372	29
327	0
327	30
346	93
409	78
378	42
445	61
420	52
249	24
204	22
245	0
245	26
324	37
380	139
441	162
496	176
200	52
443	45
483	129
234	0
324	0
324	61
429	0
429	132
350	29
307	17
338	81
277	62
271	50
489	154
201	47
492	0
492	151
386	42
500	0
500	108
466	79
464	52
436	171
320	35
323	74
282	0
348	0
348	103
347	47
304	25
340	24
365	0
375	0
375	47
440	99
436	56
423	96
445	57
324	102
432	180
409	50
376	116
346	40
355	109
479	76
268	33
482	63
498	55
277	47
363	22
342	20
463	120
338	72
337	16
374	100
336	46
363	40
497	147
386	66
358	66
411	0
411	57
422	55
415	0
415	144
428	154
378	0
378	31
408	139
467	86
338	29
321	105
458	58
460	131
363	107
337	90
338	0
338	30
409	48
346	20
283	4
486	73
405	33
272	8
257	31
384	0
384	30
379	110
244	28
475	105
414	53
498	0
335	0
335	106
328	46
413	94
407	102
429	84
379	59
211	0
331	0
325	0
350	0
394	0
394	26
334	35
380	71
220	38
354	0
354	42
454	90
492	46
487	166
486	196
300	35
476	0
476	199
286	74
227	11
314	0
314	83
393	0
393	40
278	0
278	21
416	45
370	0
370	75
463	20
295	38
200	29
323	36
369	50
421	94
304	40
475	0
475	153
434	125
299	50
295	0
295	43
403	0
403	64
322	0
370	0
370	59
337	59
421	45
233	30
465	141
383	58
407	86
470	48
370	98
406	89
421	47
458	60
385	0
278	0
480	0
480	154
420	54
283	30
237	51
422	111
